/*--------------------------------*- C++ -*----------------------------------*\
  =========                 |
  \\      /  F ield         | OpenFOAM: The Open Source CFD Toolbox
   \\    /   O peration     | Website:  https://openfoam.org
    \\  /    A nd           | Version:  10
     \\/     M anipulation  |
\*---------------------------------------------------------------------------*/
FoamFile
{
    format      ascii;
    class       labelList;
    note        "nPoints: 7052 nCells: 3400 nFaces: 13725 nInternalFaces: 6675";
    location    "constant/polyMesh";
    object      neighbour;
}
// * * * * * * * * * * * * * * * * * * * * * * * * * * * * * * * * * * * * * //


6675
(
1
25
1059
2
26
3
27
4
28
5
29
6
30
7
31
8
32
9
33
10
34
11
35
12
36
13
37
14
38
15
39
16
40
17
41
18
42
19
43
20
44
21
45
22
46
23
47
24
48
49
26
50
1119
27
51
28
52
29
53
30
54
31
55
32
56
33
57
34
58
35
59
36
60
37
61
38
62
39
63
40
64
41
65
42
66
43
67
44
68
45
69
46
70
47
71
48
72
49
73
74
51
75
1179
52
76
53
77
54
78
55
79
56
80
57
81
58
82
59
83
60
84
61
85
62
86
63
87
64
88
65
89
66
90
67
91
68
92
69
93
70
94
71
95
72
96
73
97
74
98
99
76
100
1239
77
101
78
102
79
103
80
104
81
105
82
106
83
107
84
108
85
109
86
110
87
111
88
112
89
113
90
114
91
115
92
116
93
117
94
118
95
119
96
120
97
121
98
122
99
123
124
101
125
1299
102
126
103
127
104
128
105
129
106
130
107
131
108
132
109
133
110
134
111
135
112
136
113
137
114
138
115
139
116
140
117
141
118
142
119
143
120
144
121
145
122
146
123
147
124
148
149
126
150
1359
127
151
128
152
129
153
130
154
131
155
132
156
133
157
134
158
135
159
136
160
137
161
138
162
139
163
140
164
141
165
142
166
143
167
144
168
145
169
146
170
147
171
148
172
149
173
174
151
175
1419
152
176
153
177
154
178
155
179
156
180
157
181
158
182
159
183
160
184
161
185
162
186
163
187
164
188
165
189
166
190
167
191
168
192
169
193
170
194
171
195
172
196
173
197
174
198
199
176
200
1479
177
201
178
202
179
203
180
204
181
205
182
206
183
207
184
208
185
209
186
210
187
211
188
212
189
213
190
214
191
215
192
216
193
217
194
218
195
219
196
220
197
221
198
222
199
223
224
201
225
1539
202
226
203
227
204
228
205
229
206
230
207
231
208
232
209
233
210
234
211
235
212
236
213
237
214
238
215
239
216
240
217
241
218
242
219
243
220
244
221
245
222
246
223
247
224
248
249
226
250
1599
227
251
228
252
229
253
230
254
231
255
232
256
233
257
234
258
235
259
236
260
237
261
238
262
239
263
240
264
241
265
242
266
243
267
244
268
245
269
246
270
247
271
248
272
249
273
274
251
275
1659
252
276
253
277
254
278
255
279
256
280
257
281
258
282
259
283
260
284
261
285
262
286
263
287
264
288
265
289
266
290
267
291
268
292
269
293
270
294
271
295
272
296
273
297
274
298
299
276
300
1719
277
301
278
302
279
303
280
304
281
305
282
306
283
307
284
308
285
309
286
310
287
311
288
312
289
313
290
314
291
315
292
316
293
317
294
318
295
319
296
320
297
321
298
322
299
323
324
301
325
1779
302
326
303
327
304
328
305
329
306
330
307
331
308
332
309
333
310
334
311
335
312
336
313
337
314
338
315
339
316
340
317
341
318
342
319
343
320
344
321
345
322
346
323
347
324
348
349
326
350
1839
327
351
328
352
329
353
330
354
331
355
332
356
333
357
334
358
335
359
336
360
337
361
338
362
339
363
340
364
341
365
342
366
343
367
344
368
345
369
346
370
347
371
348
372
349
373
374
351
375
1899
352
376
353
377
354
378
355
379
356
380
357
381
358
382
359
383
360
384
361
385
362
386
363
387
364
388
365
389
366
390
367
391
368
392
369
393
370
394
371
395
372
396
373
397
374
398
399
376
400
1959
377
401
378
402
379
403
380
404
381
405
382
406
383
407
384
408
385
409
386
410
387
411
388
412
389
413
390
414
391
415
392
416
393
417
394
418
395
419
396
420
397
421
398
422
399
423
424
401
425
2019
402
426
403
427
404
428
405
429
406
430
407
431
408
432
409
433
410
434
411
435
412
436
413
437
414
438
415
439
416
440
417
441
418
442
419
443
420
444
421
445
422
446
423
447
424
448
449
426
450
2079
427
451
428
452
429
453
430
454
431
455
432
456
433
457
434
458
435
459
436
460
437
461
438
462
439
463
440
464
441
465
442
466
443
467
444
468
445
469
446
470
447
471
448
472
449
473
474
451
475
2139
452
476
453
477
454
478
455
479
456
480
457
481
458
482
459
483
460
484
461
485
462
486
463
487
464
488
465
489
466
490
467
491
468
492
469
493
470
494
471
495
472
496
473
497
474
498
499
476
500
2199
477
501
478
502
479
503
480
504
481
505
482
506
483
507
484
508
485
509
486
510
487
511
488
512
489
513
490
514
491
515
492
516
493
517
494
518
495
519
496
520
497
521
498
522
499
523
524
501
525
2259
502
526
503
527
504
528
505
529
506
530
507
531
508
532
509
533
510
534
511
535
512
536
513
537
514
538
515
539
516
540
517
541
518
542
519
543
520
544
521
545
522
546
523
547
524
548
549
526
550
2319
527
551
528
552
529
553
530
554
531
555
532
556
533
557
534
558
535
559
536
560
537
561
538
562
539
563
540
564
541
565
542
566
543
567
544
568
545
569
546
570
547
571
548
572
549
573
574
551
575
2379
552
576
553
577
554
578
555
579
556
580
557
581
558
582
559
583
560
584
561
585
562
586
563
587
564
588
565
589
566
590
567
591
568
592
569
593
570
594
571
595
572
596
573
597
574
598
599
576
600
2439
577
601
578
602
579
603
580
604
581
605
582
606
583
607
584
608
585
609
586
610
587
611
588
612
589
613
590
614
591
615
592
616
593
617
594
618
595
619
596
620
597
621
598
622
599
623
624
601
625
2499
602
626
603
627
604
628
605
629
606
630
607
631
608
632
609
633
610
634
611
635
612
636
613
637
614
638
615
639
616
640
617
641
618
642
619
643
620
644
621
645
622
646
623
647
624
648
649
626
650
2559
627
651
628
652
629
653
630
654
631
655
632
656
633
657
634
658
635
659
636
660
637
661
638
662
639
663
640
664
641
665
642
666
643
667
644
668
645
669
646
670
647
671
648
672
649
673
674
651
675
2619
652
676
653
677
654
678
655
679
656
680
657
681
658
682
659
683
660
684
661
685
662
686
663
687
664
688
665
689
666
690
667
691
668
692
669
693
670
694
671
695
672
696
673
697
674
698
699
676
700
2679
677
701
678
702
679
703
680
704
681
705
682
706
683
707
684
708
685
709
686
710
687
711
688
712
689
713
690
714
691
715
692
716
693
717
694
718
695
719
696
720
697
721
698
722
699
723
724
701
725
2739
702
726
703
727
704
728
705
729
706
730
707
731
708
732
709
733
710
734
711
735
712
736
713
737
714
738
715
739
716
740
717
741
718
742
719
743
720
744
721
745
722
746
723
747
724
748
749
726
750
2799
727
751
728
752
729
753
730
754
731
755
732
756
733
757
734
758
735
759
736
760
737
761
738
762
739
763
740
764
741
765
742
766
743
767
744
768
745
769
746
770
747
771
748
772
749
773
774
751
775
2859
752
776
753
777
754
778
755
779
756
780
757
781
758
782
759
783
760
784
761
785
762
786
763
787
764
788
765
789
766
790
767
791
768
792
769
793
770
794
771
795
772
796
773
797
774
798
799
776
800
2919
777
801
778
802
779
803
780
804
781
805
782
806
783
807
784
808
785
809
786
810
787
811
788
812
789
813
790
814
791
815
792
816
793
817
794
818
795
819
796
820
797
821
798
822
799
823
824
801
825
2979
802
826
803
827
804
828
805
829
806
830
807
831
808
832
809
833
810
834
811
835
812
836
813
837
814
838
815
839
816
840
817
841
818
842
819
843
820
844
821
845
822
846
823
847
824
848
849
826
850
3039
827
851
828
852
829
853
830
854
831
855
832
856
833
857
834
858
835
859
836
860
837
861
838
862
839
863
840
864
841
865
842
866
843
867
844
868
845
869
846
870
847
871
848
872
849
873
874
851
875
3099
852
876
853
877
854
878
855
879
856
880
857
881
858
882
859
883
860
884
861
885
862
886
863
887
864
888
865
889
866
890
867
891
868
892
869
893
870
894
871
895
872
896
873
897
874
898
899
876
900
3159
877
901
878
902
879
903
880
904
881
905
882
906
883
907
884
908
885
909
886
910
887
911
888
912
889
913
890
914
891
915
892
916
893
917
894
918
895
919
896
920
897
921
898
922
899
923
924
901
925
3219
902
926
903
927
904
928
905
929
906
930
907
931
908
932
909
933
910
934
911
935
912
936
913
937
914
938
915
939
916
940
917
941
918
942
919
943
920
944
921
945
922
946
923
947
924
948
949
926
950
3279
927
951
928
952
929
953
930
954
931
955
932
956
933
957
934
958
935
959
936
960
937
961
938
962
939
963
940
964
941
965
942
966
943
967
944
968
945
969
946
970
947
971
948
972
949
973
974
951
975
3339
952
976
953
977
954
978
955
979
956
980
957
981
958
982
959
983
960
984
961
985
962
986
963
987
964
988
965
989
966
990
967
991
968
992
969
993
970
994
971
995
972
996
973
997
974
998
999
976
3399
977
978
979
980
981
982
983
984
985
986
987
988
989
990
991
992
993
994
995
996
997
998
999
1001
1060
1002
1061
1003
1062
1004
1063
1005
1064
1006
1065
1007
1066
1008
1067
1009
1068
1010
1069
1011
1070
1012
1071
1013
1072
1014
1073
1015
1074
1016
1075
1017
1076
1018
1077
1019
1078
1020
1079
1021
1080
1022
1081
1023
1082
1024
1083
1025
1084
1026
1085
1027
1086
1028
1087
1029
1088
1030
1089
1031
1090
1032
1091
1033
1092
1034
1093
1035
1094
1036
1095
1037
1096
1038
1097
1039
1098
1040
1099
1041
1100
1042
1101
1043
1102
1044
1103
1045
1104
1046
1105
1047
1106
1048
1107
1049
1108
1050
1109
1051
1110
1052
1111
1053
1112
1054
1113
1055
1114
1056
1115
1057
1116
1058
1117
1059
1118
1119
1061
1120
1062
1121
1063
1122
1064
1123
1065
1124
1066
1125
1067
1126
1068
1127
1069
1128
1070
1129
1071
1130
1072
1131
1073
1132
1074
1133
1075
1134
1076
1135
1077
1136
1078
1137
1079
1138
1080
1139
1081
1140
1082
1141
1083
1142
1084
1143
1085
1144
1086
1145
1087
1146
1088
1147
1089
1148
1090
1149
1091
1150
1092
1151
1093
1152
1094
1153
1095
1154
1096
1155
1097
1156
1098
1157
1099
1158
1100
1159
1101
1160
1102
1161
1103
1162
1104
1163
1105
1164
1106
1165
1107
1166
1108
1167
1109
1168
1110
1169
1111
1170
1112
1171
1113
1172
1114
1173
1115
1174
1116
1175
1117
1176
1118
1177
1119
1178
1179
1121
1180
1122
1181
1123
1182
1124
1183
1125
1184
1126
1185
1127
1186
1128
1187
1129
1188
1130
1189
1131
1190
1132
1191
1133
1192
1134
1193
1135
1194
1136
1195
1137
1196
1138
1197
1139
1198
1140
1199
1141
1200
1142
1201
1143
1202
1144
1203
1145
1204
1146
1205
1147
1206
1148
1207
1149
1208
1150
1209
1151
1210
1152
1211
1153
1212
1154
1213
1155
1214
1156
1215
1157
1216
1158
1217
1159
1218
1160
1219
1161
1220
1162
1221
1163
1222
1164
1223
1165
1224
1166
1225
1167
1226
1168
1227
1169
1228
1170
1229
1171
1230
1172
1231
1173
1232
1174
1233
1175
1234
1176
1235
1177
1236
1178
1237
1179
1238
1239
1181
1240
1182
1241
1183
1242
1184
1243
1185
1244
1186
1245
1187
1246
1188
1247
1189
1248
1190
1249
1191
1250
1192
1251
1193
1252
1194
1253
1195
1254
1196
1255
1197
1256
1198
1257
1199
1258
1200
1259
1201
1260
1202
1261
1203
1262
1204
1263
1205
1264
1206
1265
1207
1266
1208
1267
1209
1268
1210
1269
1211
1270
1212
1271
1213
1272
1214
1273
1215
1274
1216
1275
1217
1276
1218
1277
1219
1278
1220
1279
1221
1280
1222
1281
1223
1282
1224
1283
1225
1284
1226
1285
1227
1286
1228
1287
1229
1288
1230
1289
1231
1290
1232
1291
1233
1292
1234
1293
1235
1294
1236
1295
1237
1296
1238
1297
1239
1298
1299
1241
1300
1242
1301
1243
1302
1244
1303
1245
1304
1246
1305
1247
1306
1248
1307
1249
1308
1250
1309
1251
1310
1252
1311
1253
1312
1254
1313
1255
1314
1256
1315
1257
1316
1258
1317
1259
1318
1260
1319
1261
1320
1262
1321
1263
1322
1264
1323
1265
1324
1266
1325
1267
1326
1268
1327
1269
1328
1270
1329
1271
1330
1272
1331
1273
1332
1274
1333
1275
1334
1276
1335
1277
1336
1278
1337
1279
1338
1280
1339
1281
1340
1282
1341
1283
1342
1284
1343
1285
1344
1286
1345
1287
1346
1288
1347
1289
1348
1290
1349
1291
1350
1292
1351
1293
1352
1294
1353
1295
1354
1296
1355
1297
1356
1298
1357
1299
1358
1359
1301
1360
1302
1361
1303
1362
1304
1363
1305
1364
1306
1365
1307
1366
1308
1367
1309
1368
1310
1369
1311
1370
1312
1371
1313
1372
1314
1373
1315
1374
1316
1375
1317
1376
1318
1377
1319
1378
1320
1379
1321
1380
1322
1381
1323
1382
1324
1383
1325
1384
1326
1385
1327
1386
1328
1387
1329
1388
1330
1389
1331
1390
1332
1391
1333
1392
1334
1393
1335
1394
1336
1395
1337
1396
1338
1397
1339
1398
1340
1399
1341
1400
1342
1401
1343
1402
1344
1403
1345
1404
1346
1405
1347
1406
1348
1407
1349
1408
1350
1409
1351
1410
1352
1411
1353
1412
1354
1413
1355
1414
1356
1415
1357
1416
1358
1417
1359
1418
1419
1361
1420
1362
1421
1363
1422
1364
1423
1365
1424
1366
1425
1367
1426
1368
1427
1369
1428
1370
1429
1371
1430
1372
1431
1373
1432
1374
1433
1375
1434
1376
1435
1377
1436
1378
1437
1379
1438
1380
1439
1381
1440
1382
1441
1383
1442
1384
1443
1385
1444
1386
1445
1387
1446
1388
1447
1389
1448
1390
1449
1391
1450
1392
1451
1393
1452
1394
1453
1395
1454
1396
1455
1397
1456
1398
1457
1399
1458
1400
1459
1401
1460
1402
1461
1403
1462
1404
1463
1405
1464
1406
1465
1407
1466
1408
1467
1409
1468
1410
1469
1411
1470
1412
1471
1413
1472
1414
1473
1415
1474
1416
1475
1417
1476
1418
1477
1419
1478
1479
1421
1480
1422
1481
1423
1482
1424
1483
1425
1484
1426
1485
1427
1486
1428
1487
1429
1488
1430
1489
1431
1490
1432
1491
1433
1492
1434
1493
1435
1494
1436
1495
1437
1496
1438
1497
1439
1498
1440
1499
1441
1500
1442
1501
1443
1502
1444
1503
1445
1504
1446
1505
1447
1506
1448
1507
1449
1508
1450
1509
1451
1510
1452
1511
1453
1512
1454
1513
1455
1514
1456
1515
1457
1516
1458
1517
1459
1518
1460
1519
1461
1520
1462
1521
1463
1522
1464
1523
1465
1524
1466
1525
1467
1526
1468
1527
1469
1528
1470
1529
1471
1530
1472
1531
1473
1532
1474
1533
1475
1534
1476
1535
1477
1536
1478
1537
1479
1538
1539
1481
1540
1482
1541
1483
1542
1484
1543
1485
1544
1486
1545
1487
1546
1488
1547
1489
1548
1490
1549
1491
1550
1492
1551
1493
1552
1494
1553
1495
1554
1496
1555
1497
1556
1498
1557
1499
1558
1500
1559
1501
1560
1502
1561
1503
1562
1504
1563
1505
1564
1506
1565
1507
1566
1508
1567
1509
1568
1510
1569
1511
1570
1512
1571
1513
1572
1514
1573
1515
1574
1516
1575
1517
1576
1518
1577
1519
1578
1520
1579
1521
1580
1522
1581
1523
1582
1524
1583
1525
1584
1526
1585
1527
1586
1528
1587
1529
1588
1530
1589
1531
1590
1532
1591
1533
1592
1534
1593
1535
1594
1536
1595
1537
1596
1538
1597
1539
1598
1599
1541
1600
1542
1601
1543
1602
1544
1603
1545
1604
1546
1605
1547
1606
1548
1607
1549
1608
1550
1609
1551
1610
1552
1611
1553
1612
1554
1613
1555
1614
1556
1615
1557
1616
1558
1617
1559
1618
1560
1619
1561
1620
1562
1621
1563
1622
1564
1623
1565
1624
1566
1625
1567
1626
1568
1627
1569
1628
1570
1629
1571
1630
1572
1631
1573
1632
1574
1633
1575
1634
1576
1635
1577
1636
1578
1637
1579
1638
1580
1639
1581
1640
1582
1641
1583
1642
1584
1643
1585
1644
1586
1645
1587
1646
1588
1647
1589
1648
1590
1649
1591
1650
1592
1651
1593
1652
1594
1653
1595
1654
1596
1655
1597
1656
1598
1657
1599
1658
1659
1601
1660
1602
1661
1603
1662
1604
1663
1605
1664
1606
1665
1607
1666
1608
1667
1609
1668
1610
1669
1611
1670
1612
1671
1613
1672
1614
1673
1615
1674
1616
1675
1617
1676
1618
1677
1619
1678
1620
1679
1621
1680
1622
1681
1623
1682
1624
1683
1625
1684
1626
1685
1627
1686
1628
1687
1629
1688
1630
1689
1631
1690
1632
1691
1633
1692
1634
1693
1635
1694
1636
1695
1637
1696
1638
1697
1639
1698
1640
1699
1641
1700
1642
1701
1643
1702
1644
1703
1645
1704
1646
1705
1647
1706
1648
1707
1649
1708
1650
1709
1651
1710
1652
1711
1653
1712
1654
1713
1655
1714
1656
1715
1657
1716
1658
1717
1659
1718
1719
1661
1720
1662
1721
1663
1722
1664
1723
1665
1724
1666
1725
1667
1726
1668
1727
1669
1728
1670
1729
1671
1730
1672
1731
1673
1732
1674
1733
1675
1734
1676
1735
1677
1736
1678
1737
1679
1738
1680
1739
1681
1740
1682
1741
1683
1742
1684
1743
1685
1744
1686
1745
1687
1746
1688
1747
1689
1748
1690
1749
1691
1750
1692
1751
1693
1752
1694
1753
1695
1754
1696
1755
1697
1756
1698
1757
1699
1758
1700
1759
1701
1760
1702
1761
1703
1762
1704
1763
1705
1764
1706
1765
1707
1766
1708
1767
1709
1768
1710
1769
1711
1770
1712
1771
1713
1772
1714
1773
1715
1774
1716
1775
1717
1776
1718
1777
1719
1778
1779
1721
1780
1722
1781
1723
1782
1724
1783
1725
1784
1726
1785
1727
1786
1728
1787
1729
1788
1730
1789
1731
1790
1732
1791
1733
1792
1734
1793
1735
1794
1736
1795
1737
1796
1738
1797
1739
1798
1740
1799
1741
1800
1742
1801
1743
1802
1744
1803
1745
1804
1746
1805
1747
1806
1748
1807
1749
1808
1750
1809
1751
1810
1752
1811
1753
1812
1754
1813
1755
1814
1756
1815
1757
1816
1758
1817
1759
1818
1760
1819
1761
1820
1762
1821
1763
1822
1764
1823
1765
1824
1766
1825
1767
1826
1768
1827
1769
1828
1770
1829
1771
1830
1772
1831
1773
1832
1774
1833
1775
1834
1776
1835
1777
1836
1778
1837
1779
1838
1839
1781
1840
1782
1841
1783
1842
1784
1843
1785
1844
1786
1845
1787
1846
1788
1847
1789
1848
1790
1849
1791
1850
1792
1851
1793
1852
1794
1853
1795
1854
1796
1855
1797
1856
1798
1857
1799
1858
1800
1859
1801
1860
1802
1861
1803
1862
1804
1863
1805
1864
1806
1865
1807
1866
1808
1867
1809
1868
1810
1869
1811
1870
1812
1871
1813
1872
1814
1873
1815
1874
1816
1875
1817
1876
1818
1877
1819
1878
1820
1879
1821
1880
1822
1881
1823
1882
1824
1883
1825
1884
1826
1885
1827
1886
1828
1887
1829
1888
1830
1889
1831
1890
1832
1891
1833
1892
1834
1893
1835
1894
1836
1895
1837
1896
1838
1897
1839
1898
1899
1841
1900
1842
1901
1843
1902
1844
1903
1845
1904
1846
1905
1847
1906
1848
1907
1849
1908
1850
1909
1851
1910
1852
1911
1853
1912
1854
1913
1855
1914
1856
1915
1857
1916
1858
1917
1859
1918
1860
1919
1861
1920
1862
1921
1863
1922
1864
1923
1865
1924
1866
1925
1867
1926
1868
1927
1869
1928
1870
1929
1871
1930
1872
1931
1873
1932
1874
1933
1875
1934
1876
1935
1877
1936
1878
1937
1879
1938
1880
1939
1881
1940
1882
1941
1883
1942
1884
1943
1885
1944
1886
1945
1887
1946
1888
1947
1889
1948
1890
1949
1891
1950
1892
1951
1893
1952
1894
1953
1895
1954
1896
1955
1897
1956
1898
1957
1899
1958
1959
1901
1960
1902
1961
1903
1962
1904
1963
1905
1964
1906
1965
1907
1966
1908
1967
1909
1968
1910
1969
1911
1970
1912
1971
1913
1972
1914
1973
1915
1974
1916
1975
1917
1976
1918
1977
1919
1978
1920
1979
1921
1980
1922
1981
1923
1982
1924
1983
1925
1984
1926
1985
1927
1986
1928
1987
1929
1988
1930
1989
1931
1990
1932
1991
1933
1992
1934
1993
1935
1994
1936
1995
1937
1996
1938
1997
1939
1998
1940
1999
1941
2000
1942
2001
1943
2002
1944
2003
1945
2004
1946
2005
1947
2006
1948
2007
1949
2008
1950
2009
1951
2010
1952
2011
1953
2012
1954
2013
1955
2014
1956
2015
1957
2016
1958
2017
1959
2018
2019
1961
2020
1962
2021
1963
2022
1964
2023
1965
2024
1966
2025
1967
2026
1968
2027
1969
2028
1970
2029
1971
2030
1972
2031
1973
2032
1974
2033
1975
2034
1976
2035
1977
2036
1978
2037
1979
2038
1980
2039
1981
2040
1982
2041
1983
2042
1984
2043
1985
2044
1986
2045
1987
2046
1988
2047
1989
2048
1990
2049
1991
2050
1992
2051
1993
2052
1994
2053
1995
2054
1996
2055
1997
2056
1998
2057
1999
2058
2000
2059
2001
2060
2002
2061
2003
2062
2004
2063
2005
2064
2006
2065
2007
2066
2008
2067
2009
2068
2010
2069
2011
2070
2012
2071
2013
2072
2014
2073
2015
2074
2016
2075
2017
2076
2018
2077
2019
2078
2079
2021
2080
2022
2081
2023
2082
2024
2083
2025
2084
2026
2085
2027
2086
2028
2087
2029
2088
2030
2089
2031
2090
2032
2091
2033
2092
2034
2093
2035
2094
2036
2095
2037
2096
2038
2097
2039
2098
2040
2099
2041
2100
2042
2101
2043
2102
2044
2103
2045
2104
2046
2105
2047
2106
2048
2107
2049
2108
2050
2109
2051
2110
2052
2111
2053
2112
2054
2113
2055
2114
2056
2115
2057
2116
2058
2117
2059
2118
2060
2119
2061
2120
2062
2121
2063
2122
2064
2123
2065
2124
2066
2125
2067
2126
2068
2127
2069
2128
2070
2129
2071
2130
2072
2131
2073
2132
2074
2133
2075
2134
2076
2135
2077
2136
2078
2137
2079
2138
2139
2081
2140
2082
2141
2083
2142
2084
2143
2085
2144
2086
2145
2087
2146
2088
2147
2089
2148
2090
2149
2091
2150
2092
2151
2093
2152
2094
2153
2095
2154
2096
2155
2097
2156
2098
2157
2099
2158
2100
2159
2101
2160
2102
2161
2103
2162
2104
2163
2105
2164
2106
2165
2107
2166
2108
2167
2109
2168
2110
2169
2111
2170
2112
2171
2113
2172
2114
2173
2115
2174
2116
2175
2117
2176
2118
2177
2119
2178
2120
2179
2121
2180
2122
2181
2123
2182
2124
2183
2125
2184
2126
2185
2127
2186
2128
2187
2129
2188
2130
2189
2131
2190
2132
2191
2133
2192
2134
2193
2135
2194
2136
2195
2137
2196
2138
2197
2139
2198
2199
2141
2200
2142
2201
2143
2202
2144
2203
2145
2204
2146
2205
2147
2206
2148
2207
2149
2208
2150
2209
2151
2210
2152
2211
2153
2212
2154
2213
2155
2214
2156
2215
2157
2216
2158
2217
2159
2218
2160
2219
2161
2220
2162
2221
2163
2222
2164
2223
2165
2224
2166
2225
2167
2226
2168
2227
2169
2228
2170
2229
2171
2230
2172
2231
2173
2232
2174
2233
2175
2234
2176
2235
2177
2236
2178
2237
2179
2238
2180
2239
2181
2240
2182
2241
2183
2242
2184
2243
2185
2244
2186
2245
2187
2246
2188
2247
2189
2248
2190
2249
2191
2250
2192
2251
2193
2252
2194
2253
2195
2254
2196
2255
2197
2256
2198
2257
2199
2258
2259
2201
2260
2202
2261
2203
2262
2204
2263
2205
2264
2206
2265
2207
2266
2208
2267
2209
2268
2210
2269
2211
2270
2212
2271
2213
2272
2214
2273
2215
2274
2216
2275
2217
2276
2218
2277
2219
2278
2220
2279
2221
2280
2222
2281
2223
2282
2224
2283
2225
2284
2226
2285
2227
2286
2228
2287
2229
2288
2230
2289
2231
2290
2232
2291
2233
2292
2234
2293
2235
2294
2236
2295
2237
2296
2238
2297
2239
2298
2240
2299
2241
2300
2242
2301
2243
2302
2244
2303
2245
2304
2246
2305
2247
2306
2248
2307
2249
2308
2250
2309
2251
2310
2252
2311
2253
2312
2254
2313
2255
2314
2256
2315
2257
2316
2258
2317
2259
2318
2319
2261
2320
2262
2321
2263
2322
2264
2323
2265
2324
2266
2325
2267
2326
2268
2327
2269
2328
2270
2329
2271
2330
2272
2331
2273
2332
2274
2333
2275
2334
2276
2335
2277
2336
2278
2337
2279
2338
2280
2339
2281
2340
2282
2341
2283
2342
2284
2343
2285
2344
2286
2345
2287
2346
2288
2347
2289
2348
2290
2349
2291
2350
2292
2351
2293
2352
2294
2353
2295
2354
2296
2355
2297
2356
2298
2357
2299
2358
2300
2359
2301
2360
2302
2361
2303
2362
2304
2363
2305
2364
2306
2365
2307
2366
2308
2367
2309
2368
2310
2369
2311
2370
2312
2371
2313
2372
2314
2373
2315
2374
2316
2375
2317
2376
2318
2377
2319
2378
2379
2321
2380
2322
2381
2323
2382
2324
2383
2325
2384
2326
2385
2327
2386
2328
2387
2329
2388
2330
2389
2331
2390
2332
2391
2333
2392
2334
2393
2335
2394
2336
2395
2337
2396
2338
2397
2339
2398
2340
2399
2341
2400
2342
2401
2343
2402
2344
2403
2345
2404
2346
2405
2347
2406
2348
2407
2349
2408
2350
2409
2351
2410
2352
2411
2353
2412
2354
2413
2355
2414
2356
2415
2357
2416
2358
2417
2359
2418
2360
2419
2361
2420
2362
2421
2363
2422
2364
2423
2365
2424
2366
2425
2367
2426
2368
2427
2369
2428
2370
2429
2371
2430
2372
2431
2373
2432
2374
2433
2375
2434
2376
2435
2377
2436
2378
2437
2379
2438
2439
2381
2440
2382
2441
2383
2442
2384
2443
2385
2444
2386
2445
2387
2446
2388
2447
2389
2448
2390
2449
2391
2450
2392
2451
2393
2452
2394
2453
2395
2454
2396
2455
2397
2456
2398
2457
2399
2458
2400
2459
2401
2460
2402
2461
2403
2462
2404
2463
2405
2464
2406
2465
2407
2466
2408
2467
2409
2468
2410
2469
2411
2470
2412
2471
2413
2472
2414
2473
2415
2474
2416
2475
2417
2476
2418
2477
2419
2478
2420
2479
2421
2480
2422
2481
2423
2482
2424
2483
2425
2484
2426
2485
2427
2486
2428
2487
2429
2488
2430
2489
2431
2490
2432
2491
2433
2492
2434
2493
2435
2494
2436
2495
2437
2496
2438
2497
2439
2498
2499
2441
2500
2442
2501
2443
2502
2444
2503
2445
2504
2446
2505
2447
2506
2448
2507
2449
2508
2450
2509
2451
2510
2452
2511
2453
2512
2454
2513
2455
2514
2456
2515
2457
2516
2458
2517
2459
2518
2460
2519
2461
2520
2462
2521
2463
2522
2464
2523
2465
2524
2466
2525
2467
2526
2468
2527
2469
2528
2470
2529
2471
2530
2472
2531
2473
2532
2474
2533
2475
2534
2476
2535
2477
2536
2478
2537
2479
2538
2480
2539
2481
2540
2482
2541
2483
2542
2484
2543
2485
2544
2486
2545
2487
2546
2488
2547
2489
2548
2490
2549
2491
2550
2492
2551
2493
2552
2494
2553
2495
2554
2496
2555
2497
2556
2498
2557
2499
2558
2559
2501
2560
2502
2561
2503
2562
2504
2563
2505
2564
2506
2565
2507
2566
2508
2567
2509
2568
2510
2569
2511
2570
2512
2571
2513
2572
2514
2573
2515
2574
2516
2575
2517
2576
2518
2577
2519
2578
2520
2579
2521
2580
2522
2581
2523
2582
2524
2583
2525
2584
2526
2585
2527
2586
2528
2587
2529
2588
2530
2589
2531
2590
2532
2591
2533
2592
2534
2593
2535
2594
2536
2595
2537
2596
2538
2597
2539
2598
2540
2599
2541
2600
2542
2601
2543
2602
2544
2603
2545
2604
2546
2605
2547
2606
2548
2607
2549
2608
2550
2609
2551
2610
2552
2611
2553
2612
2554
2613
2555
2614
2556
2615
2557
2616
2558
2617
2559
2618
2619
2561
2620
2562
2621
2563
2622
2564
2623
2565
2624
2566
2625
2567
2626
2568
2627
2569
2628
2570
2629
2571
2630
2572
2631
2573
2632
2574
2633
2575
2634
2576
2635
2577
2636
2578
2637
2579
2638
2580
2639
2581
2640
2582
2641
2583
2642
2584
2643
2585
2644
2586
2645
2587
2646
2588
2647
2589
2648
2590
2649
2591
2650
2592
2651
2593
2652
2594
2653
2595
2654
2596
2655
2597
2656
2598
2657
2599
2658
2600
2659
2601
2660
2602
2661
2603
2662
2604
2663
2605
2664
2606
2665
2607
2666
2608
2667
2609
2668
2610
2669
2611
2670
2612
2671
2613
2672
2614
2673
2615
2674
2616
2675
2617
2676
2618
2677
2619
2678
2679
2621
2680
2622
2681
2623
2682
2624
2683
2625
2684
2626
2685
2627
2686
2628
2687
2629
2688
2630
2689
2631
2690
2632
2691
2633
2692
2634
2693
2635
2694
2636
2695
2637
2696
2638
2697
2639
2698
2640
2699
2641
2700
2642
2701
2643
2702
2644
2703
2645
2704
2646
2705
2647
2706
2648
2707
2649
2708
2650
2709
2651
2710
2652
2711
2653
2712
2654
2713
2655
2714
2656
2715
2657
2716
2658
2717
2659
2718
2660
2719
2661
2720
2662
2721
2663
2722
2664
2723
2665
2724
2666
2725
2667
2726
2668
2727
2669
2728
2670
2729
2671
2730
2672
2731
2673
2732
2674
2733
2675
2734
2676
2735
2677
2736
2678
2737
2679
2738
2739
2681
2740
2682
2741
2683
2742
2684
2743
2685
2744
2686
2745
2687
2746
2688
2747
2689
2748
2690
2749
2691
2750
2692
2751
2693
2752
2694
2753
2695
2754
2696
2755
2697
2756
2698
2757
2699
2758
2700
2759
2701
2760
2702
2761
2703
2762
2704
2763
2705
2764
2706
2765
2707
2766
2708
2767
2709
2768
2710
2769
2711
2770
2712
2771
2713
2772
2714
2773
2715
2774
2716
2775
2717
2776
2718
2777
2719
2778
2720
2779
2721
2780
2722
2781
2723
2782
2724
2783
2725
2784
2726
2785
2727
2786
2728
2787
2729
2788
2730
2789
2731
2790
2732
2791
2733
2792
2734
2793
2735
2794
2736
2795
2737
2796
2738
2797
2739
2798
2799
2741
2800
2742
2801
2743
2802
2744
2803
2745
2804
2746
2805
2747
2806
2748
2807
2749
2808
2750
2809
2751
2810
2752
2811
2753
2812
2754
2813
2755
2814
2756
2815
2757
2816
2758
2817
2759
2818
2760
2819
2761
2820
2762
2821
2763
2822
2764
2823
2765
2824
2766
2825
2767
2826
2768
2827
2769
2828
2770
2829
2771
2830
2772
2831
2773
2832
2774
2833
2775
2834
2776
2835
2777
2836
2778
2837
2779
2838
2780
2839
2781
2840
2782
2841
2783
2842
2784
2843
2785
2844
2786
2845
2787
2846
2788
2847
2789
2848
2790
2849
2791
2850
2792
2851
2793
2852
2794
2853
2795
2854
2796
2855
2797
2856
2798
2857
2799
2858
2859
2801
2860
2802
2861
2803
2862
2804
2863
2805
2864
2806
2865
2807
2866
2808
2867
2809
2868
2810
2869
2811
2870
2812
2871
2813
2872
2814
2873
2815
2874
2816
2875
2817
2876
2818
2877
2819
2878
2820
2879
2821
2880
2822
2881
2823
2882
2824
2883
2825
2884
2826
2885
2827
2886
2828
2887
2829
2888
2830
2889
2831
2890
2832
2891
2833
2892
2834
2893
2835
2894
2836
2895
2837
2896
2838
2897
2839
2898
2840
2899
2841
2900
2842
2901
2843
2902
2844
2903
2845
2904
2846
2905
2847
2906
2848
2907
2849
2908
2850
2909
2851
2910
2852
2911
2853
2912
2854
2913
2855
2914
2856
2915
2857
2916
2858
2917
2859
2918
2919
2861
2920
2862
2921
2863
2922
2864
2923
2865
2924
2866
2925
2867
2926
2868
2927
2869
2928
2870
2929
2871
2930
2872
2931
2873
2932
2874
2933
2875
2934
2876
2935
2877
2936
2878
2937
2879
2938
2880
2939
2881
2940
2882
2941
2883
2942
2884
2943
2885
2944
2886
2945
2887
2946
2888
2947
2889
2948
2890
2949
2891
2950
2892
2951
2893
2952
2894
2953
2895
2954
2896
2955
2897
2956
2898
2957
2899
2958
2900
2959
2901
2960
2902
2961
2903
2962
2904
2963
2905
2964
2906
2965
2907
2966
2908
2967
2909
2968
2910
2969
2911
2970
2912
2971
2913
2972
2914
2973
2915
2974
2916
2975
2917
2976
2918
2977
2919
2978
2979
2921
2980
2922
2981
2923
2982
2924
2983
2925
2984
2926
2985
2927
2986
2928
2987
2929
2988
2930
2989
2931
2990
2932
2991
2933
2992
2934
2993
2935
2994
2936
2995
2937
2996
2938
2997
2939
2998
2940
2999
2941
3000
2942
3001
2943
3002
2944
3003
2945
3004
2946
3005
2947
3006
2948
3007
2949
3008
2950
3009
2951
3010
2952
3011
2953
3012
2954
3013
2955
3014
2956
3015
2957
3016
2958
3017
2959
3018
2960
3019
2961
3020
2962
3021
2963
3022
2964
3023
2965
3024
2966
3025
2967
3026
2968
3027
2969
3028
2970
3029
2971
3030
2972
3031
2973
3032
2974
3033
2975
3034
2976
3035
2977
3036
2978
3037
2979
3038
3039
2981
3040
2982
3041
2983
3042
2984
3043
2985
3044
2986
3045
2987
3046
2988
3047
2989
3048
2990
3049
2991
3050
2992
3051
2993
3052
2994
3053
2995
3054
2996
3055
2997
3056
2998
3057
2999
3058
3000
3059
3001
3060
3002
3061
3003
3062
3004
3063
3005
3064
3006
3065
3007
3066
3008
3067
3009
3068
3010
3069
3011
3070
3012
3071
3013
3072
3014
3073
3015
3074
3016
3075
3017
3076
3018
3077
3019
3078
3020
3079
3021
3080
3022
3081
3023
3082
3024
3083
3025
3084
3026
3085
3027
3086
3028
3087
3029
3088
3030
3089
3031
3090
3032
3091
3033
3092
3034
3093
3035
3094
3036
3095
3037
3096
3038
3097
3039
3098
3099
3041
3100
3042
3101
3043
3102
3044
3103
3045
3104
3046
3105
3047
3106
3048
3107
3049
3108
3050
3109
3051
3110
3052
3111
3053
3112
3054
3113
3055
3114
3056
3115
3057
3116
3058
3117
3059
3118
3060
3119
3061
3120
3062
3121
3063
3122
3064
3123
3065
3124
3066
3125
3067
3126
3068
3127
3069
3128
3070
3129
3071
3130
3072
3131
3073
3132
3074
3133
3075
3134
3076
3135
3077
3136
3078
3137
3079
3138
3080
3139
3081
3140
3082
3141
3083
3142
3084
3143
3085
3144
3086
3145
3087
3146
3088
3147
3089
3148
3090
3149
3091
3150
3092
3151
3093
3152
3094
3153
3095
3154
3096
3155
3097
3156
3098
3157
3099
3158
3159
3101
3160
3102
3161
3103
3162
3104
3163
3105
3164
3106
3165
3107
3166
3108
3167
3109
3168
3110
3169
3111
3170
3112
3171
3113
3172
3114
3173
3115
3174
3116
3175
3117
3176
3118
3177
3119
3178
3120
3179
3121
3180
3122
3181
3123
3182
3124
3183
3125
3184
3126
3185
3127
3186
3128
3187
3129
3188
3130
3189
3131
3190
3132
3191
3133
3192
3134
3193
3135
3194
3136
3195
3137
3196
3138
3197
3139
3198
3140
3199
3141
3200
3142
3201
3143
3202
3144
3203
3145
3204
3146
3205
3147
3206
3148
3207
3149
3208
3150
3209
3151
3210
3152
3211
3153
3212
3154
3213
3155
3214
3156
3215
3157
3216
3158
3217
3159
3218
3219
3161
3220
3162
3221
3163
3222
3164
3223
3165
3224
3166
3225
3167
3226
3168
3227
3169
3228
3170
3229
3171
3230
3172
3231
3173
3232
3174
3233
3175
3234
3176
3235
3177
3236
3178
3237
3179
3238
3180
3239
3181
3240
3182
3241
3183
3242
3184
3243
3185
3244
3186
3245
3187
3246
3188
3247
3189
3248
3190
3249
3191
3250
3192
3251
3193
3252
3194
3253
3195
3254
3196
3255
3197
3256
3198
3257
3199
3258
3200
3259
3201
3260
3202
3261
3203
3262
3204
3263
3205
3264
3206
3265
3207
3266
3208
3267
3209
3268
3210
3269
3211
3270
3212
3271
3213
3272
3214
3273
3215
3274
3216
3275
3217
3276
3218
3277
3219
3278
3279
3221
3280
3222
3281
3223
3282
3224
3283
3225
3284
3226
3285
3227
3286
3228
3287
3229
3288
3230
3289
3231
3290
3232
3291
3233
3292
3234
3293
3235
3294
3236
3295
3237
3296
3238
3297
3239
3298
3240
3299
3241
3300
3242
3301
3243
3302
3244
3303
3245
3304
3246
3305
3247
3306
3248
3307
3249
3308
3250
3309
3251
3310
3252
3311
3253
3312
3254
3313
3255
3314
3256
3315
3257
3316
3258
3317
3259
3318
3260
3319
3261
3320
3262
3321
3263
3322
3264
3323
3265
3324
3266
3325
3267
3326
3268
3327
3269
3328
3270
3329
3271
3330
3272
3331
3273
3332
3274
3333
3275
3334
3276
3335
3277
3336
3278
3337
3279
3338
3339
3281
3340
3282
3341
3283
3342
3284
3343
3285
3344
3286
3345
3287
3346
3288
3347
3289
3348
3290
3349
3291
3350
3292
3351
3293
3352
3294
3353
3295
3354
3296
3355
3297
3356
3298
3357
3299
3358
3300
3359
3301
3360
3302
3361
3303
3362
3304
3363
3305
3364
3306
3365
3307
3366
3308
3367
3309
3368
3310
3369
3311
3370
3312
3371
3313
3372
3314
3373
3315
3374
3316
3375
3317
3376
3318
3377
3319
3378
3320
3379
3321
3380
3322
3381
3323
3382
3324
3383
3325
3384
3326
3385
3327
3386
3328
3387
3329
3388
3330
3389
3331
3390
3332
3391
3333
3392
3334
3393
3335
3394
3336
3395
3337
3396
3338
3397
3339
3398
3399
3341
3342
3343
3344
3345
3346
3347
3348
3349
3350
3351
3352
3353
3354
3355
3356
3357
3358
3359
3360
3361
3362
3363
3364
3365
3366
3367
3368
3369
3370
3371
3372
3373
3374
3375
3376
3377
3378
3379
3380
3381
3382
3383
3384
3385
3386
3387
3388
3389
3390
3391
3392
3393
3394
3395
3396
3397
3398
3399
)


// ************************************************************************* //
