/*--------------------------------*- C++ -*----------------------------------*\
  =========                 |
  \\      /  F ield         | OpenFOAM: The Open Source CFD Toolbox
   \\    /   O peration     | Website:  https://openfoam.org
    \\  /    A nd           | Version:  10
     \\/     M anipulation  |
\*---------------------------------------------------------------------------*/
FoamFile
{
    format      ascii;
    class       vectorField;
    location    "constant/polyMesh";
    object      points;
}
// * * * * * * * * * * * * * * * * * * * * * * * * * * * * * * * * * * * * * //


882
(
(-1 -1 -1)
(1 -1 -1)
(1 1 -1)
(-1 1 -1)
(-1 -1 1)
(1 -1 1)
(1 1 1)
(-1 1 1)
(-0.9 -1 -1)
(-0.8 -1 -1)
(-0.7 -1 -1)
(-0.6 -1 -1)
(-0.5 -1 -1)
(-0.4 -1 -1)
(-0.3 -1 -1)
(-0.2 -1 -1)
(-0.1 -1 -1)
(-2.75024e-12 -1 -1)
(0.1 -1 -1)
(0.2 -1 -1)
(0.3 -1 -1)
(0.4 -1 -1)
(0.5 -1 -1)
(0.6 -1 -1)
(0.7 -1 -1)
(0.8 -1 -1)
(0.9 -1 -1)
(1 -0.9 -1)
(1 -0.8 -1)
(1 -0.7 -1)
(1 -0.6 -1)
(1 -0.5 -1)
(1 -0.4 -1)
(1 -0.3 -1)
(1 -0.2 -1)
(1 -0.1 -1)
(1 -2.75024e-12 -1)
(1 0.1 -1)
(1 0.2 -1)
(1 0.3 -1)
(1 0.4 -1)
(1 0.5 -1)
(1 0.6 -1)
(1 0.7 -1)
(1 0.8 -1)
(1 0.9 -1)
(0.9 1 -1)
(0.8 1 -1)
(0.7 1 -1)
(0.6 1 -1)
(0.5 1 -1)
(0.4 1 -1)
(0.3 1 -1)
(0.2 1 -1)
(0.1 1 -1)
(2.75024e-12 1 -1)
(-0.1 1 -1)
(-0.2 1 -1)
(-0.3 1 -1)
(-0.4 1 -1)
(-0.5 1 -1)
(-0.6 1 -1)
(-0.7 1 -1)
(-0.8 1 -1)
(-0.9 1 -1)
(-1 0.9 -1)
(-1 0.8 -1)
(-1 0.7 -1)
(-1 0.6 -1)
(-1 0.5 -1)
(-1 0.4 -1)
(-1 0.3 -1)
(-1 0.2 -1)
(-1 0.1 -1)
(-1 2.75024e-12 -1)
(-1 -0.1 -1)
(-1 -0.2 -1)
(-1 -0.3 -1)
(-1 -0.4 -1)
(-1 -0.5 -1)
(-1 -0.6 -1)
(-1 -0.7 -1)
(-1 -0.8 -1)
(-1 -0.9 -1)
(-0.9 -1 1)
(-0.8 -1 1)
(-0.7 -1 1)
(-0.6 -1 1)
(-0.5 -1 1)
(-0.4 -1 1)
(-0.3 -1 1)
(-0.2 -1 1)
(-0.1 -1 1)
(-2.75024e-12 -1 1)
(0.1 -1 1)
(0.2 -1 1)
(0.3 -1 1)
(0.4 -1 1)
(0.5 -1 1)
(0.6 -1 1)
(0.7 -1 1)
(0.8 -1 1)
(0.9 -1 1)
(1 -0.9 1)
(1 -0.8 1)
(1 -0.7 1)
(1 -0.6 1)
(1 -0.5 1)
(1 -0.4 1)
(1 -0.3 1)
(1 -0.2 1)
(1 -0.1 1)
(1 -2.75024e-12 1)
(1 0.1 1)
(1 0.2 1)
(1 0.3 1)
(1 0.4 1)
(1 0.5 1)
(1 0.6 1)
(1 0.7 1)
(1 0.8 1)
(1 0.9 1)
(0.9 1 1)
(0.8 1 1)
(0.7 1 1)
(0.6 1 1)
(0.5 1 1)
(0.4 1 1)
(0.3 1 1)
(0.2 1 1)
(0.1 1 1)
(2.75024e-12 1 1)
(-0.1 1 1)
(-0.2 1 1)
(-0.3 1 1)
(-0.4 1 1)
(-0.5 1 1)
(-0.6 1 1)
(-0.7 1 1)
(-0.8 1 1)
(-0.9 1 1)
(-1 0.9 1)
(-1 0.8 1)
(-1 0.7 1)
(-1 0.6 1)
(-1 0.5 1)
(-1 0.4 1)
(-1 0.3 1)
(-1 0.2 1)
(-1 0.1 1)
(-1 2.75024e-12 1)
(-1 -0.1 1)
(-1 -0.2 1)
(-1 -0.3 1)
(-1 -0.4 1)
(-1 -0.5 1)
(-1 -0.6 1)
(-1 -0.7 1)
(-1 -0.8 1)
(-1 -0.9 1)
(-0.9 -0.9 -1)
(-0.9 -0.8 -1)
(-0.9 -0.7 -1)
(-0.9 -0.6 -1)
(-0.9 -0.5 -1)
(-0.9 -0.4 -1)
(-0.9 -0.3 -1)
(-0.9 -0.2 -1)
(-0.9 -0.1 -1)
(-0.9 2.47524e-12 -1)
(-0.9 0.1 -1)
(-0.9 0.2 -1)
(-0.9 0.3 -1)
(-0.9 0.4 -1)
(-0.9 0.5 -1)
(-0.9 0.6 -1)
(-0.9 0.7 -1)
(-0.9 0.8 -1)
(-0.9 0.9 -1)
(-0.8 -0.9 -1)
(-0.8 -0.8 -1)
(-0.8 -0.7 -1)
(-0.8 -0.6 -1)
(-0.8 -0.5 -1)
(-0.8 -0.4 -1)
(-0.8 -0.3 -1)
(-0.8 -0.2 -1)
(-0.8 -0.1 -1)
(-0.8 2.20018e-12 -1)
(-0.8 0.1 -1)
(-0.8 0.2 -1)
(-0.8 0.3 -1)
(-0.8 0.4 -1)
(-0.8 0.5 -1)
(-0.8 0.6 -1)
(-0.8 0.7 -1)
(-0.8 0.8 -1)
(-0.8 0.9 -1)
(-0.7 -0.9 -1)
(-0.7 -0.8 -1)
(-0.7 -0.7 -1)
(-0.7 -0.6 -1)
(-0.7 -0.5 -1)
(-0.7 -0.4 -1)
(-0.7 -0.3 -1)
(-0.7 -0.2 -1)
(-0.7 -0.1 -1)
(-0.7 1.92513e-12 -1)
(-0.7 0.1 -1)
(-0.7 0.2 -1)
(-0.7 0.3 -1)
(-0.7 0.4 -1)
(-0.7 0.5 -1)
(-0.7 0.6 -1)
(-0.7 0.7 -1)
(-0.7 0.8 -1)
(-0.7 0.9 -1)
(-0.6 -0.9 -1)
(-0.6 -0.8 -1)
(-0.6 -0.7 -1)
(-0.6 -0.6 -1)
(-0.6 -0.5 -1)
(-0.6 -0.4 -1)
(-0.6 -0.3 -1)
(-0.6 -0.2 -1)
(-0.6 -0.1 -1)
(-0.6 1.65012e-12 -1)
(-0.6 0.1 -1)
(-0.6 0.2 -1)
(-0.6 0.3 -1)
(-0.6 0.4 -1)
(-0.6 0.5 -1)
(-0.6 0.6 -1)
(-0.6 0.7 -1)
(-0.6 0.8 -1)
(-0.6 0.9 -1)
(-0.5 -0.9 -1)
(-0.5 -0.8 -1)
(-0.5 -0.7 -1)
(-0.5 -0.6 -1)
(-0.5 -0.5 -1)
(-0.5 -0.4 -1)
(-0.5 -0.3 -1)
(-0.5 -0.2 -1)
(-0.5 -0.1 -1)
(-0.5 1.37512e-12 -1)
(-0.5 0.1 -1)
(-0.5 0.2 -1)
(-0.5 0.3 -1)
(-0.5 0.4 -1)
(-0.5 0.5 -1)
(-0.5 0.6 -1)
(-0.5 0.7 -1)
(-0.5 0.8 -1)
(-0.5 0.9 -1)
(-0.4 -0.9 -1)
(-0.4 -0.8 -1)
(-0.4 -0.7 -1)
(-0.4 -0.6 -1)
(-0.4 -0.5 -1)
(-0.4 -0.4 -1)
(-0.4 -0.3 -1)
(-0.4 -0.2 -1)
(-0.4 -0.1 -1)
(-0.4 1.10006e-12 -1)
(-0.4 0.1 -1)
(-0.4 0.2 -1)
(-0.4 0.3 -1)
(-0.4 0.4 -1)
(-0.4 0.5 -1)
(-0.4 0.6 -1)
(-0.4 0.7 -1)
(-0.4 0.8 -1)
(-0.4 0.9 -1)
(-0.3 -0.9 -1)
(-0.3 -0.8 -1)
(-0.3 -0.7 -1)
(-0.3 -0.6 -1)
(-0.3 -0.5 -1)
(-0.3 -0.4 -1)
(-0.3 -0.3 -1)
(-0.3 -0.2 -1)
(-0.3 -0.1 -1)
(-0.3 8.25118e-13 -1)
(-0.3 0.1 -1)
(-0.3 0.2 -1)
(-0.3 0.3 -1)
(-0.3 0.4 -1)
(-0.3 0.5 -1)
(-0.3 0.6 -1)
(-0.3 0.7 -1)
(-0.3 0.8 -1)
(-0.3 0.9 -1)
(-0.2 -0.9 -1)
(-0.2 -0.8 -1)
(-0.2 -0.7 -1)
(-0.2 -0.6 -1)
(-0.2 -0.5 -1)
(-0.2 -0.4 -1)
(-0.2 -0.3 -1)
(-0.2 -0.2 -1)
(-0.2 -0.1 -1)
(-0.2 5.49949e-13 -1)
(-0.2 0.1 -1)
(-0.2 0.2 -1)
(-0.2 0.3 -1)
(-0.2 0.4 -1)
(-0.2 0.5 -1)
(-0.2 0.6 -1)
(-0.2 0.7 -1)
(-0.2 0.8 -1)
(-0.2 0.9 -1)
(-0.1 -0.9 -1)
(-0.1 -0.8 -1)
(-0.1 -0.7 -1)
(-0.1 -0.6 -1)
(-0.1 -0.5 -1)
(-0.1 -0.4 -1)
(-0.1 -0.3 -1)
(-0.1 -0.2 -1)
(-0.1 -0.1 -1)
(-0.1 2.75002e-13 -1)
(-0.1 0.1 -1)
(-0.1 0.2 -1)
(-0.1 0.3 -1)
(-0.1 0.4 -1)
(-0.1 0.5 -1)
(-0.1 0.6 -1)
(-0.1 0.7 -1)
(-0.1 0.8 -1)
(-0.1 0.9 -1)
(-2.47526e-12 -0.9 -1)
(-2.20017e-12 -0.8 -1)
(-1.9252e-12 -0.7 -1)
(-1.65009e-12 -0.6 -1)
(-1.37512e-12 -0.5 -1)
(-1.10015e-12 -0.4 -1)
(-8.25073e-13 -0.3 -1)
(-5.50049e-13 -0.2 -1)
(-2.74969e-13 -0.1 -1)
(-7.56418e-24 0 -1)
(2.7508e-13 0.1 -1)
(5.50049e-13 0.2 -1)
(8.25073e-13 0.3 -1)
(1.10004e-12 0.4 -1)
(1.37512e-12 0.5 -1)
(1.6502e-12 0.6 -1)
(1.92517e-12 0.7 -1)
(2.20025e-12 0.8 -1)
(2.47516e-12 0.9 -1)
(0.1 -0.9 -1)
(0.1 -0.8 -1)
(0.1 -0.7 -1)
(0.1 -0.6 -1)
(0.1 -0.5 -1)
(0.1 -0.4 -1)
(0.1 -0.3 -1)
(0.1 -0.2 -1)
(0.1 -0.1 -1)
(0.1 -2.74974e-13 -1)
(0.1 0.1 -1)
(0.1 0.2 -1)
(0.1 0.3 -1)
(0.1 0.4 -1)
(0.1 0.5 -1)
(0.1 0.6 -1)
(0.1 0.7 -1)
(0.1 0.8 -1)
(0.1 0.9 -1)
(0.2 -0.9 -1)
(0.2 -0.8 -1)
(0.2 -0.7 -1)
(0.2 -0.6 -1)
(0.2 -0.5 -1)
(0.2 -0.4 -1)
(0.2 -0.3 -1)
(0.2 -0.2 -1)
(0.2 -0.1 -1)
(0.2 -5.50004e-13 -1)
(0.2 0.1 -1)
(0.2 0.2 -1)
(0.2 0.3 -1)
(0.2 0.4 -1)
(0.2 0.5 -1)
(0.2 0.6 -1)
(0.2 0.7 -1)
(0.2 0.8 -1)
(0.2 0.9 -1)
(0.3 -0.9 -1)
(0.3 -0.8 -1)
(0.3 -0.7 -1)
(0.3 -0.6 -1)
(0.3 -0.5 -1)
(0.3 -0.4 -1)
(0.3 -0.3 -1)
(0.3 -0.2 -1)
(0.3 -0.1 -1)
(0.3 -8.25118e-13 -1)
(0.3 0.1 -1)
(0.3 0.2 -1)
(0.3 0.3 -1)
(0.3 0.4 -1)
(0.3 0.5 -1)
(0.3 0.6 -1)
(0.3 0.7 -1)
(0.3 0.8 -1)
(0.3 0.9 -1)
(0.4 -0.9 -1)
(0.4 -0.8 -1)
(0.4 -0.7 -1)
(0.4 -0.6 -1)
(0.4 -0.5 -1)
(0.4 -0.4 -1)
(0.4 -0.3 -1)
(0.4 -0.2 -1)
(0.4 -0.1 -1)
(0.4 -1.10015e-12 -1)
(0.4 0.1 -1)
(0.4 0.2 -1)
(0.4 0.3 -1)
(0.4 0.4 -1)
(0.4 0.5 -1)
(0.4 0.6 -1)
(0.4 0.7 -1)
(0.4 0.8 -1)
(0.4 0.9 -1)
(0.5 -0.9 -1)
(0.5 -0.8 -1)
(0.5 -0.7 -1)
(0.5 -0.6 -1)
(0.5 -0.5 -1)
(0.5 -0.4 -1)
(0.5 -0.3 -1)
(0.5 -0.2 -1)
(0.5 -0.1 -1)
(0.5 -1.37512e-12 -1)
(0.5 0.1 -1)
(0.5 0.2 -1)
(0.5 0.3 -1)
(0.5 0.4 -1)
(0.5 0.5 -1)
(0.5 0.6 -1)
(0.5 0.7 -1)
(0.5 0.8 -1)
(0.5 0.9 -1)
(0.6 -0.9 -1)
(0.6 -0.8 -1)
(0.6 -0.7 -1)
(0.6 -0.6 -1)
(0.6 -0.5 -1)
(0.6 -0.4 -1)
(0.6 -0.3 -1)
(0.6 -0.2 -1)
(0.6 -0.1 -1)
(0.6 -1.6501e-12 -1)
(0.6 0.1 -1)
(0.6 0.2 -1)
(0.6 0.3 -1)
(0.6 0.4 -1)
(0.6 0.5 -1)
(0.6 0.6 -1)
(0.6 0.7 -1)
(0.6 0.8 -1)
(0.6 0.9 -1)
(0.7 -0.9 -1)
(0.7 -0.8 -1)
(0.7 -0.7 -1)
(0.7 -0.6 -1)
(0.7 -0.5 -1)
(0.7 -0.4 -1)
(0.7 -0.3 -1)
(0.7 -0.2 -1)
(0.7 -0.1 -1)
(0.7 -1.92514e-12 -1)
(0.7 0.1 -1)
(0.7 0.2 -1)
(0.7 0.3 -1)
(0.7 0.4 -1)
(0.7 0.5 -1)
(0.7 0.6 -1)
(0.7 0.7 -1)
(0.7 0.8 -1)
(0.7 0.9 -1)
(0.8 -0.9 -1)
(0.8 -0.8 -1)
(0.8 -0.7 -1)
(0.8 -0.6 -1)
(0.8 -0.5 -1)
(0.8 -0.4 -1)
(0.8 -0.3 -1)
(0.8 -0.2 -1)
(0.8 -0.1 -1)
(0.8 -2.20023e-12 -1)
(0.8 0.1 -1)
(0.8 0.2 -1)
(0.8 0.3 -1)
(0.8 0.4 -1)
(0.8 0.5 -1)
(0.8 0.6 -1)
(0.8 0.7 -1)
(0.8 0.8 -1)
(0.8 0.9 -1)
(0.9 -0.9 -1)
(0.9 -0.8 -1)
(0.9 -0.7 -1)
(0.9 -0.6 -1)
(0.9 -0.5 -1)
(0.9 -0.4 -1)
(0.9 -0.3 -1)
(0.9 -0.2 -1)
(0.9 -0.1 -1)
(0.9 -2.47526e-12 -1)
(0.9 0.1 -1)
(0.9 0.2 -1)
(0.9 0.3 -1)
(0.9 0.4 -1)
(0.9 0.5 -1)
(0.9 0.6 -1)
(0.9 0.7 -1)
(0.9 0.8 -1)
(0.9 0.9 -1)
(-0.9 -0.9 1)
(-0.9 -0.8 1)
(-0.9 -0.7 1)
(-0.9 -0.6 1)
(-0.9 -0.5 1)
(-0.9 -0.4 1)
(-0.9 -0.3 1)
(-0.9 -0.2 1)
(-0.9 -0.1 1)
(-0.9 2.47524e-12 1)
(-0.9 0.1 1)
(-0.9 0.2 1)
(-0.9 0.3 1)
(-0.9 0.4 1)
(-0.9 0.5 1)
(-0.9 0.6 1)
(-0.9 0.7 1)
(-0.9 0.8 1)
(-0.9 0.9 1)
(-0.8 -0.9 1)
(-0.8 -0.8 1)
(-0.8 -0.7 1)
(-0.8 -0.6 1)
(-0.8 -0.5 1)
(-0.8 -0.4 1)
(-0.8 -0.3 1)
(-0.8 -0.2 1)
(-0.8 -0.1 1)
(-0.8 2.20018e-12 1)
(-0.8 0.1 1)
(-0.8 0.2 1)
(-0.8 0.3 1)
(-0.8 0.4 1)
(-0.8 0.5 1)
(-0.8 0.6 1)
(-0.8 0.7 1)
(-0.8 0.8 1)
(-0.8 0.9 1)
(-0.7 -0.9 1)
(-0.7 -0.8 1)
(-0.7 -0.7 1)
(-0.7 -0.6 1)
(-0.7 -0.5 1)
(-0.7 -0.4 1)
(-0.7 -0.3 1)
(-0.7 -0.2 1)
(-0.7 -0.1 1)
(-0.7 1.92513e-12 1)
(-0.7 0.1 1)
(-0.7 0.2 1)
(-0.7 0.3 1)
(-0.7 0.4 1)
(-0.7 0.5 1)
(-0.7 0.6 1)
(-0.7 0.7 1)
(-0.7 0.8 1)
(-0.7 0.9 1)
(-0.6 -0.9 1)
(-0.6 -0.8 1)
(-0.6 -0.7 1)
(-0.6 -0.6 1)
(-0.6 -0.5 1)
(-0.6 -0.4 1)
(-0.6 -0.3 1)
(-0.6 -0.2 1)
(-0.6 -0.1 1)
(-0.6 1.65012e-12 1)
(-0.6 0.1 1)
(-0.6 0.2 1)
(-0.6 0.3 1)
(-0.6 0.4 1)
(-0.6 0.5 1)
(-0.6 0.6 1)
(-0.6 0.7 1)
(-0.6 0.8 1)
(-0.6 0.9 1)
(-0.5 -0.9 1)
(-0.5 -0.8 1)
(-0.5 -0.7 1)
(-0.5 -0.6 1)
(-0.5 -0.5 1)
(-0.5 -0.4 1)
(-0.5 -0.3 1)
(-0.5 -0.2 1)
(-0.5 -0.1 1)
(-0.5 1.37512e-12 1)
(-0.5 0.1 1)
(-0.5 0.2 1)
(-0.5 0.3 1)
(-0.5 0.4 1)
(-0.5 0.5 1)
(-0.5 0.6 1)
(-0.5 0.7 1)
(-0.5 0.8 1)
(-0.5 0.9 1)
(-0.4 -0.9 1)
(-0.4 -0.8 1)
(-0.4 -0.7 1)
(-0.4 -0.6 1)
(-0.4 -0.5 1)
(-0.4 -0.4 1)
(-0.4 -0.3 1)
(-0.4 -0.2 1)
(-0.4 -0.1 1)
(-0.4 1.10006e-12 1)
(-0.4 0.1 1)
(-0.4 0.2 1)
(-0.4 0.3 1)
(-0.4 0.4 1)
(-0.4 0.5 1)
(-0.4 0.6 1)
(-0.4 0.7 1)
(-0.4 0.8 1)
(-0.4 0.9 1)
(-0.3 -0.9 1)
(-0.3 -0.8 1)
(-0.3 -0.7 1)
(-0.3 -0.6 1)
(-0.3 -0.5 1)
(-0.3 -0.4 1)
(-0.3 -0.3 1)
(-0.3 -0.2 1)
(-0.3 -0.1 1)
(-0.3 8.25118e-13 1)
(-0.3 0.1 1)
(-0.3 0.2 1)
(-0.3 0.3 1)
(-0.3 0.4 1)
(-0.3 0.5 1)
(-0.3 0.6 1)
(-0.3 0.7 1)
(-0.3 0.8 1)
(-0.3 0.9 1)
(-0.2 -0.9 1)
(-0.2 -0.8 1)
(-0.2 -0.7 1)
(-0.2 -0.6 1)
(-0.2 -0.5 1)
(-0.2 -0.4 1)
(-0.2 -0.3 1)
(-0.2 -0.2 1)
(-0.2 -0.1 1)
(-0.2 5.49949e-13 1)
(-0.2 0.1 1)
(-0.2 0.2 1)
(-0.2 0.3 1)
(-0.2 0.4 1)
(-0.2 0.5 1)
(-0.2 0.6 1)
(-0.2 0.7 1)
(-0.2 0.8 1)
(-0.2 0.9 1)
(-0.1 -0.9 1)
(-0.1 -0.8 1)
(-0.1 -0.7 1)
(-0.1 -0.6 1)
(-0.1 -0.5 1)
(-0.1 -0.4 1)
(-0.1 -0.3 1)
(-0.1 -0.2 1)
(-0.1 -0.1 1)
(-0.1 2.75002e-13 1)
(-0.1 0.1 1)
(-0.1 0.2 1)
(-0.1 0.3 1)
(-0.1 0.4 1)
(-0.1 0.5 1)
(-0.1 0.6 1)
(-0.1 0.7 1)
(-0.1 0.8 1)
(-0.1 0.9 1)
(-2.47526e-12 -0.9 1)
(-2.20017e-12 -0.8 1)
(-1.9252e-12 -0.7 1)
(-1.65009e-12 -0.6 1)
(-1.37512e-12 -0.5 1)
(-1.10015e-12 -0.4 1)
(-8.25073e-13 -0.3 1)
(-5.50049e-13 -0.2 1)
(-2.74969e-13 -0.1 1)
(-7.56418e-24 0 1)
(2.7508e-13 0.1 1)
(5.50049e-13 0.2 1)
(8.25073e-13 0.3 1)
(1.10004e-12 0.4 1)
(1.37512e-12 0.5 1)
(1.6502e-12 0.6 1)
(1.92517e-12 0.7 1)
(2.20025e-12 0.8 1)
(2.47516e-12 0.9 1)
(0.1 -0.9 1)
(0.1 -0.8 1)
(0.1 -0.7 1)
(0.1 -0.6 1)
(0.1 -0.5 1)
(0.1 -0.4 1)
(0.1 -0.3 1)
(0.1 -0.2 1)
(0.1 -0.1 1)
(0.1 -2.74974e-13 1)
(0.1 0.1 1)
(0.1 0.2 1)
(0.1 0.3 1)
(0.1 0.4 1)
(0.1 0.5 1)
(0.1 0.6 1)
(0.1 0.7 1)
(0.1 0.8 1)
(0.1 0.9 1)
(0.2 -0.9 1)
(0.2 -0.8 1)
(0.2 -0.7 1)
(0.2 -0.6 1)
(0.2 -0.5 1)
(0.2 -0.4 1)
(0.2 -0.3 1)
(0.2 -0.2 1)
(0.2 -0.1 1)
(0.2 -5.50004e-13 1)
(0.2 0.1 1)
(0.2 0.2 1)
(0.2 0.3 1)
(0.2 0.4 1)
(0.2 0.5 1)
(0.2 0.6 1)
(0.2 0.7 1)
(0.2 0.8 1)
(0.2 0.9 1)
(0.3 -0.9 1)
(0.3 -0.8 1)
(0.3 -0.7 1)
(0.3 -0.6 1)
(0.3 -0.5 1)
(0.3 -0.4 1)
(0.3 -0.3 1)
(0.3 -0.2 1)
(0.3 -0.1 1)
(0.3 -8.25118e-13 1)
(0.3 0.1 1)
(0.3 0.2 1)
(0.3 0.3 1)
(0.3 0.4 1)
(0.3 0.5 1)
(0.3 0.6 1)
(0.3 0.7 1)
(0.3 0.8 1)
(0.3 0.9 1)
(0.4 -0.9 1)
(0.4 -0.8 1)
(0.4 -0.7 1)
(0.4 -0.6 1)
(0.4 -0.5 1)
(0.4 -0.4 1)
(0.4 -0.3 1)
(0.4 -0.2 1)
(0.4 -0.1 1)
(0.4 -1.10015e-12 1)
(0.4 0.1 1)
(0.4 0.2 1)
(0.4 0.3 1)
(0.4 0.4 1)
(0.4 0.5 1)
(0.4 0.6 1)
(0.4 0.7 1)
(0.4 0.8 1)
(0.4 0.9 1)
(0.5 -0.9 1)
(0.5 -0.8 1)
(0.5 -0.7 1)
(0.5 -0.6 1)
(0.5 -0.5 1)
(0.5 -0.4 1)
(0.5 -0.3 1)
(0.5 -0.2 1)
(0.5 -0.1 1)
(0.5 -1.37512e-12 1)
(0.5 0.1 1)
(0.5 0.2 1)
(0.5 0.3 1)
(0.5 0.4 1)
(0.5 0.5 1)
(0.5 0.6 1)
(0.5 0.7 1)
(0.5 0.8 1)
(0.5 0.9 1)
(0.6 -0.9 1)
(0.6 -0.8 1)
(0.6 -0.7 1)
(0.6 -0.6 1)
(0.6 -0.5 1)
(0.6 -0.4 1)
(0.6 -0.3 1)
(0.6 -0.2 1)
(0.6 -0.1 1)
(0.6 -1.6501e-12 1)
(0.6 0.1 1)
(0.6 0.2 1)
(0.6 0.3 1)
(0.6 0.4 1)
(0.6 0.5 1)
(0.6 0.6 1)
(0.6 0.7 1)
(0.6 0.8 1)
(0.6 0.9 1)
(0.7 -0.9 1)
(0.7 -0.8 1)
(0.7 -0.7 1)
(0.7 -0.6 1)
(0.7 -0.5 1)
(0.7 -0.4 1)
(0.7 -0.3 1)
(0.7 -0.2 1)
(0.7 -0.1 1)
(0.7 -1.92514e-12 1)
(0.7 0.1 1)
(0.7 0.2 1)
(0.7 0.3 1)
(0.7 0.4 1)
(0.7 0.5 1)
(0.7 0.6 1)
(0.7 0.7 1)
(0.7 0.8 1)
(0.7 0.9 1)
(0.8 -0.9 1)
(0.8 -0.8 1)
(0.8 -0.7 1)
(0.8 -0.6 1)
(0.8 -0.5 1)
(0.8 -0.4 1)
(0.8 -0.3 1)
(0.8 -0.2 1)
(0.8 -0.1 1)
(0.8 -2.20023e-12 1)
(0.8 0.1 1)
(0.8 0.2 1)
(0.8 0.3 1)
(0.8 0.4 1)
(0.8 0.5 1)
(0.8 0.6 1)
(0.8 0.7 1)
(0.8 0.8 1)
(0.8 0.9 1)
(0.9 -0.9 1)
(0.9 -0.8 1)
(0.9 -0.7 1)
(0.9 -0.6 1)
(0.9 -0.5 1)
(0.9 -0.4 1)
(0.9 -0.3 1)
(0.9 -0.2 1)
(0.9 -0.1 1)
(0.9 -2.47526e-12 1)
(0.9 0.1 1)
(0.9 0.2 1)
(0.9 0.3 1)
(0.9 0.4 1)
(0.9 0.5 1)
(0.9 0.6 1)
(0.9 0.7 1)
(0.9 0.8 1)
(0.9 0.9 1)
)


// ************************************************************************* //
