/*--------------------------------*- C++ -*----------------------------------*\
  =========                 |
  \\      /  F ield         | OpenFOAM: The Open Source CFD Toolbox
   \\    /   O peration     | Website:  https://openfoam.org
    \\  /    A nd           | Version:  10
     \\/     M anipulation  |
\*---------------------------------------------------------------------------*/
FoamFile
{
    format      ascii;
    class       faceList;
    location    "constant/polyMesh";
    object      faces;
}
// * * * * * * * * * * * * * * * * * * * * * * * * * * * * * * * * * * * * * //


101
(
4(1 12 34 23)
4(0 22 33 11)
4(2 13 35 24)
4(3 14 36 25)
4(4 15 37 26)
4(5 16 38 27)
4(6 17 39 28)
4(7 18 40 29)
4(8 19 41 30)
4(9 20 42 31)
4(44 64 65 45)
4(46 66 67 47)
4(48 68 69 49)
4(50 70 71 51)
4(52 72 73 53)
4(54 74 75 55)
4(56 76 77 57)
4(58 78 79 59)
4(60 80 81 61)
4(62 82 83 63)
4(10 21 43 32)
4(0 1 23 22)
4(1 2 24 23)
4(2 3 25 24)
4(3 4 26 25)
4(4 5 27 26)
4(5 6 28 27)
4(6 7 29 28)
4(7 8 30 29)
4(8 9 31 30)
4(9 10 32 31)
4(11 33 34 12)
4(12 34 35 13)
4(13 35 36 14)
4(14 36 37 15)
4(15 37 38 16)
4(16 38 39 17)
4(17 39 40 18)
4(18 40 41 19)
4(19 41 42 20)
4(20 42 43 21)
4(11 45 65 33)
4(45 47 67 65)
4(47 49 69 67)
4(49 51 71 69)
4(51 53 73 71)
4(53 55 75 73)
4(55 57 77 75)
4(57 59 79 77)
4(59 61 81 79)
4(61 63 83 81)
4(0 22 64 44)
4(44 64 66 46)
4(46 66 68 48)
4(48 68 70 50)
4(50 70 72 52)
4(52 72 74 54)
4(54 74 76 56)
4(56 76 78 58)
4(58 78 80 60)
4(60 80 82 62)
4(0 11 12 1)
4(1 12 13 2)
4(2 13 14 3)
4(3 14 15 4)
4(4 15 16 5)
4(5 16 17 6)
4(6 17 18 7)
4(7 18 19 8)
4(8 19 20 9)
4(9 20 21 10)
4(0 44 45 11)
4(44 46 47 45)
4(46 48 49 47)
4(48 50 51 49)
4(50 52 53 51)
4(52 54 55 53)
4(54 56 57 55)
4(56 58 59 57)
4(58 60 61 59)
4(60 62 63 61)
4(22 23 34 33)
4(23 24 35 34)
4(24 25 36 35)
4(25 26 37 36)
4(26 27 38 37)
4(27 28 39 38)
4(28 29 40 39)
4(29 30 41 40)
4(30 31 42 41)
4(31 32 43 42)
4(22 33 65 64)
4(64 65 67 66)
4(66 67 69 68)
4(68 69 71 70)
4(70 71 73 72)
4(72 73 75 74)
4(74 75 77 76)
4(76 77 79 78)
4(78 79 81 80)
4(80 81 83 82)
)


// ************************************************************************* //
