/*--------------------------------*- C++ -*----------------------------------*\
  =========                 |
  \\      /  F ield         | OpenFOAM: The Open Source CFD Toolbox
   \\    /   O peration     | Website:  https://openfoam.org
    \\  /    A nd           | Version:  10
     \\/     M anipulation  |
\*---------------------------------------------------------------------------*/
FoamFile
{
    format      ascii;
    class       labelList;
    note        "nPoints: 612 nCells: 250 nFaces: 1055 nInternalFaces: 445";
    location    "constant/polyMesh";
    object      neighbour;
}
// * * * * * * * * * * * * * * * * * * * * * * * * * * * * * * * * * * * * * //


445
(
1
25
125
2
26
3
27
4
28
5
29
6
30
7
31
8
32
9
33
10
34
11
35
12
36
13
37
14
38
15
39
16
40
17
41
18
42
19
43
20
44
21
45
22
46
23
47
24
48
49
26
50
126
27
51
28
52
29
53
30
54
31
55
32
56
33
57
34
58
35
59
36
60
37
61
38
62
39
63
40
64
41
65
42
66
43
67
44
68
45
69
46
70
47
71
48
72
49
73
74
51
75
127
52
76
53
77
54
78
55
79
56
80
57
81
58
82
59
83
60
84
61
85
62
86
63
87
64
88
65
89
66
90
67
91
68
92
69
93
70
94
71
95
72
96
73
97
74
98
99
76
100
128
77
101
78
102
79
103
80
104
81
105
82
106
83
107
84
108
85
109
86
110
87
111
88
112
89
113
90
114
91
115
92
116
93
117
94
118
95
119
96
120
97
121
98
122
99
123
124
101
129
102
103
104
105
106
107
108
109
110
111
112
113
114
115
116
117
118
119
120
121
122
123
124
126
130
127
131
128
132
129
133
134
131
135
132
136
133
137
134
138
139
136
140
137
141
138
142
139
143
144
141
145
142
146
143
147
144
148
149
146
150
147
151
148
152
149
153
154
151
155
152
156
153
157
154
158
159
156
160
157
161
158
162
159
163
164
161
165
162
166
163
167
164
168
169
166
170
167
171
168
172
169
173
174
171
175
172
176
173
177
174
178
179
176
180
177
181
178
182
179
183
184
181
185
182
186
183
187
184
188
189
186
190
187
191
188
192
189
193
194
191
195
192
196
193
197
194
198
199
196
200
197
201
198
202
199
203
204
201
205
202
206
203
207
204
208
209
206
210
207
211
208
212
209
213
214
211
215
212
216
213
217
214
218
219
216
220
217
221
218
222
219
223
224
221
225
222
226
223
227
224
228
229
226
230
227
231
228
232
229
233
234
231
235
232
236
233
237
234
238
239
236
240
237
241
238
242
239
243
244
241
245
242
246
243
247
244
248
249
246
247
248
249
)


// ************************************************************************* //
