/*--------------------------------*- C++ -*----------------------------------*\
  =========                 |
  \\      /  F ield         | OpenFOAM: The Open Source CFD Toolbox
   \\    /   O peration     | Website:  https://openfoam.org
    \\  /    A nd           | Version:  10
     \\/     M anipulation  |
\*---------------------------------------------------------------------------*/
FoamFile
{
    format      ascii;
    class       labelList;
    note        "nPoints: 612 nCells: 250 nFaces: 1055 nInternalFaces: 445";
    location    "constant/polyMesh";
    object      owner;
}
// * * * * * * * * * * * * * * * * * * * * * * * * * * * * * * * * * * * * * //


1055
(
0
0
0
1
1
2
2
3
3
4
4
5
5
6
6
7
7
8
8
9
9
10
10
11
11
12
12
13
13
14
14
15
15
16
16
17
17
18
18
19
19
20
20
21
21
22
22
23
23
24
25
25
25
26
26
27
27
28
28
29
29
30
30
31
31
32
32
33
33
34
34
35
35
36
36
37
37
38
38
39
39
40
40
41
41
42
42
43
43
44
44
45
45
46
46
47
47
48
48
49
50
50
50
51
51
52
52
53
53
54
54
55
55
56
56
57
57
58
58
59
59
60
60
61
61
62
62
63
63
64
64
65
65
66
66
67
67
68
68
69
69
70
70
71
71
72
72
73
73
74
75
75
75
76
76
77
77
78
78
79
79
80
80
81
81
82
82
83
83
84
84
85
85
86
86
87
87
88
88
89
89
90
90
91
91
92
92
93
93
94
94
95
95
96
96
97
97
98
98
99
100
100
101
102
103
104
105
106
107
108
109
110
111
112
113
114
115
116
117
118
119
120
121
122
123
125
125
126
126
127
127
128
128
129
130
130
131
131
132
132
133
133
134
135
135
136
136
137
137
138
138
139
140
140
141
141
142
142
143
143
144
145
145
146
146
147
147
148
148
149
150
150
151
151
152
152
153
153
154
155
155
156
156
157
157
158
158
159
160
160
161
161
162
162
163
163
164
165
165
166
166
167
167
168
168
169
170
170
171
171
172
172
173
173
174
175
175
176
176
177
177
178
178
179
180
180
181
181
182
182
183
183
184
185
185
186
186
187
187
188
188
189
190
190
191
191
192
192
193
193
194
195
195
196
196
197
197
198
198
199
200
200
201
201
202
202
203
203
204
205
205
206
206
207
207
208
208
209
210
210
211
211
212
212
213
213
214
215
215
216
216
217
217
218
218
219
220
220
221
221
222
222
223
223
224
225
225
226
226
227
227
228
228
229
230
230
231
231
232
232
233
233
234
235
235
236
236
237
237
238
238
239
240
240
241
241
242
242
243
243
244
245
246
247
248
245
246
247
248
249
24
49
74
99
124
0
1
2
3
4
5
6
7
8
9
10
11
12
13
14
15
16
17
18
19
20
21
22
23
24
100
101
102
103
104
105
106
107
108
109
110
111
112
113
114
115
116
117
118
119
120
121
122
123
124
129
134
139
144
149
154
159
164
169
174
179
184
189
194
199
204
209
214
219
224
229
234
239
244
249
125
130
135
140
145
150
155
160
165
170
175
180
185
190
195
200
205
210
215
220
225
230
235
240
245
0
25
50
75
100
1
26
51
76
101
2
27
52
77
102
3
28
53
78
103
4
29
54
79
104
5
30
55
80
105
6
31
56
81
106
7
32
57
82
107
8
33
58
83
108
9
34
59
84
109
10
35
60
85
110
11
36
61
86
111
12
37
62
87
112
13
38
63
88
113
14
39
64
89
114
15
40
65
90
115
16
41
66
91
116
17
42
67
92
117
18
43
68
93
118
19
44
69
94
119
20
45
70
95
120
21
46
71
96
121
22
47
72
97
122
23
48
73
98
123
24
49
74
99
124
125
130
135
140
145
150
155
160
165
170
175
180
185
190
195
200
205
210
215
220
225
230
235
240
245
126
131
136
141
146
151
156
161
166
171
176
181
186
191
196
201
206
211
216
221
226
231
236
241
246
127
132
137
142
147
152
157
162
167
172
177
182
187
192
197
202
207
212
217
222
227
232
237
242
247
128
133
138
143
148
153
158
163
168
173
178
183
188
193
198
203
208
213
218
223
228
233
238
243
248
129
134
139
144
149
154
159
164
169
174
179
184
189
194
199
204
209
214
219
224
229
234
239
244
249
0
25
50
75
100
1
26
51
76
101
2
27
52
77
102
3
28
53
78
103
4
29
54
79
104
5
30
55
80
105
6
31
56
81
106
7
32
57
82
107
8
33
58
83
108
9
34
59
84
109
10
35
60
85
110
11
36
61
86
111
12
37
62
87
112
13
38
63
88
113
14
39
64
89
114
15
40
65
90
115
16
41
66
91
116
17
42
67
92
117
18
43
68
93
118
19
44
69
94
119
20
45
70
95
120
21
46
71
96
121
22
47
72
97
122
23
48
73
98
123
24
49
74
99
124
125
130
135
140
145
150
155
160
165
170
175
180
185
190
195
200
205
210
215
220
225
230
235
240
245
126
131
136
141
146
151
156
161
166
171
176
181
186
191
196
201
206
211
216
221
226
231
236
241
246
127
132
137
142
147
152
157
162
167
172
177
182
187
192
197
202
207
212
217
222
227
232
237
242
247
128
133
138
143
148
153
158
163
168
173
178
183
188
193
198
203
208
213
218
223
228
233
238
243
248
129
134
139
144
149
154
159
164
169
174
179
184
189
194
199
204
209
214
219
224
229
234
239
244
249
)


// ************************************************************************* //
