/*--------------------------------*- C++ -*----------------------------------*\
  =========                 |
  \\      /  F ield         | OpenFOAM: The Open Source CFD Toolbox
   \\    /   O peration     | Website:  https://openfoam.org
    \\  /    A nd           | Version:  10
     \\/     M anipulation  |
\*---------------------------------------------------------------------------*/
FoamFile
{
    format      ascii;
    class       vectorField;
    location    "constant/polyMesh";
    object      points;
}
// * * * * * * * * * * * * * * * * * * * * * * * * * * * * * * * * * * * * * //


612
(
(0 0 0)
(0.06382587755 0 0)
(0.1320786889 0 0)
(0.2050654842 0 0)
(0.2831146104 0 0)
(0.3665771884 0 0)
(0.4558286929 0 0)
(0.5512706411 0 0)
(0.6533323994 0 0)
(0.7624731148 0 0)
(0.8791837805 0 0)
(1.003989445 0 0)
(1.137451573 0 0)
(1.280170574 0 0)
(1.4327885 0 0)
(1.595991936 0 0)
(1.770515088 0 0)
(1.957143086 0 0)
(2.156715517 0 0)
(2.370130201 0 0)
(2.59834723 0 0)
(2.842393289 0 0)
(3.103366271 0 0)
(3.382440221 0 0)
(3.680870612 0 0)
(4 0 0)
(0.2745286734 0.2745286734 0)
(0.3339740426 0.2745286734 0)
(0.3975425155 0.2745286734 0)
(0.4655200688 0.2745286734 0)
(0.5382125142 0.2745286734 0)
(0.6159468746 0.2745286734 0)
(0.6990728547 0.2745286734 0)
(0.7879644151 0.2745286734 0)
(0.8830214536 0.2745286734 0)
(0.984671605 0.2745286734 0)
(1.093372165 0.2745286734 0)
(1.209612146 0.2745286734 0)
(1.333914479 0.2745286734 0)
(1.466838365 0.2745286734 0)
(1.608981792 0.2745286734 0)
(1.760984222 0.2745286734 0)
(1.923529471 0.2745286734 0)
(2.097348785 0.2745286734 0)
(2.283224128 0.2745286734 0)
(2.481991699 0.2745286734 0)
(2.694545699 0.2745286734 0)
(2.921842348 0.2745286734 0)
(3.164904188 0.2745286734 0)
(3.424824687 0.2745286734 0)
(3.702773154 0.2745286734 0)
(4 0.2745286734 0)
(0.5053788508 0.5053788508 0)
(0.5611406662 0.5053788508 0)
(0.6207700957 0.5053788508 0)
(0.6845353953 0.5053788508 0)
(0.7527234271 0.5053788508 0)
(0.8256409497 0.5053788508 0)
(0.9036159985 0.5053788508 0)
(0.9869993611 0.5053788508 0)
(1.076166156 0.5053788508 0)
(1.171517519 0.5053788508 0)
(1.273482409 0.5053788508 0)
(1.382519538 0.5053788508 0)
(1.499119432 0.5053788508 0)
(1.623806642 0.5053788508 0)
(1.757142099 0.5053788508 0)
(1.899725644 0.5053788508 0)
(2.052198718 0.5053788508 0)
(2.215247256 0.5053788508 0)
(2.389604765 0.5053788508 0)
(2.576055632 0.5053788508 0)
(2.775438647 0.5053788508 0)
(2.988650776 0.5053788508 0)
(3.216651202 0.5053788508 0)
(3.460465634 0.5053788508 0)
(3.721190923 0.5053788508 0)
(4 0.5053788508 0)
(0.6994999374 0.6994999374 0)
(0.7521642656 0.6994999374 0)
(0.8084813677 0.6994999374 0)
(0.8687045983 0.6994999374 0)
(0.9331048847 0.6994999374 0)
(1.001971946 0.6994999374 0)
(1.075615595 0.6994999374 0)
(1.154367134 0.6994999374 0)
(1.238580844 0.6994999374 0)
(1.328635578 0.6994999374 0)
(1.424936468 0.6994999374 0)
(1.527916744 0.6994999374 0)
(1.638039685 0.6994999374 0)
(1.755800702 0.6994999374 0)
(1.881729571 0.6994999374 0)
(2.016392808 0.6994999374 0)
(2.160396227 0.6994999374 0)
(2.314387657 0.6994999374 0)
(2.479059862 0.6994999374 0)
(2.655153656 0.6994999374 0)
(2.843461236 0.6994999374 0)
(3.044829744 0.6994999374 0)
(3.26016508 0.6994999374 0)
(3.490435977 0.6994999374 0)
(3.736678359 0.6994999374 0)
(4 0.6994999374 0)
(0.8627356633 0.8627356633 0)
(0.9127953256 0.8627356633 0)
(0.9663271034 0.8627356633 0)
(1.023571821 0.8627356633 0)
(1.084787006 0.8627356633 0)
(1.150248048 0.8627356633 0)
(1.220249439 0.8627356633 0)
(1.295106094 0.8627356633 0)
(1.375154772 0.8627356633 0)
(1.460755591 0.8627356633 0)
(1.552293643 0.8627356633 0)
(1.650180733 0.8627356633 0)
(1.754857227 0.8627356633 0)
(1.866794035 0.8627356633 0)
(1.986494729 0.8627356633 0)
(2.114497809 0.8627356633 0)
(2.251379124 0.8627356633 0)
(2.397754464 0.8627356633 0)
(2.554282332 0.8627356633 0)
(2.721666901 0.8627356633 0)
(2.900661188 0.8627356633 0)
(3.092070437 0.8627356633 0)
(3.296755745 0.8627356633 0)
(3.515637932 0.8627356633 0)
(3.749701688 0.8627356633 0)
(4 0.8627356633 0)
(1 1 0)
(1.047869408 1 0)
(1.099059017 1 0)
(1.153799113 1 0)
(1.212335958 1 0)
(1.274932891 1 0)
(1.34187152 1 0)
(1.413452981 1 0)
(1.4899993 1 0)
(1.571854836 1 0)
(1.659387835 1 0)
(1.752992084 1 0)
(1.85308868 1 0)
(1.960127931 1 0)
(2.074591375 1 0)
(2.196993952 1 0)
(2.327886316 1 0)
(2.467857314 1 0)
(2.617536638 1 0)
(2.777597651 1 0)
(2.948760423 1 0)
(3.131794967 1 0)
(3.327524703 1 0)
(3.536830165 1 0)
(3.760652959 1 0)
(4 1 0)
(0 0 3)
(0.06382587755 0 3)
(0.1320786889 0 3)
(0.2050654842 0 3)
(0.2831146104 0 3)
(0.3665771884 0 3)
(0.4558286929 0 3)
(0.5512706411 0 3)
(0.6533323994 0 3)
(0.7624731148 0 3)
(0.8791837805 0 3)
(1.003989445 0 3)
(1.137451573 0 3)
(1.280170574 0 3)
(1.4327885 0 3)
(1.595991936 0 3)
(1.770515088 0 3)
(1.957143086 0 3)
(2.156715517 0 3)
(2.370130201 0 3)
(2.59834723 0 3)
(2.842393289 0 3)
(3.103366271 0 3)
(3.382440221 0 3)
(3.680870612 0 3)
(4 0 3)
(0.2745286734 0.2745286734 3)
(0.3339740426 0.2745286734 3)
(0.3975425155 0.2745286734 3)
(0.4655200688 0.2745286734 3)
(0.5382125142 0.2745286734 3)
(0.6159468746 0.2745286734 3)
(0.6990728547 0.2745286734 3)
(0.7879644151 0.2745286734 3)
(0.8830214536 0.2745286734 3)
(0.984671605 0.2745286734 3)
(1.093372165 0.2745286734 3)
(1.209612146 0.2745286734 3)
(1.333914479 0.2745286734 3)
(1.466838365 0.2745286734 3)
(1.608981792 0.2745286734 3)
(1.760984222 0.2745286734 3)
(1.923529471 0.2745286734 3)
(2.097348785 0.2745286734 3)
(2.283224128 0.2745286734 3)
(2.481991699 0.2745286734 3)
(2.694545699 0.2745286734 3)
(2.921842348 0.2745286734 3)
(3.164904188 0.2745286734 3)
(3.424824687 0.2745286734 3)
(3.702773154 0.2745286734 3)
(4 0.2745286734 3)
(0.5053788508 0.5053788508 3)
(0.5611406662 0.5053788508 3)
(0.6207700957 0.5053788508 3)
(0.6845353953 0.5053788508 3)
(0.7527234271 0.5053788508 3)
(0.8256409497 0.5053788508 3)
(0.9036159985 0.5053788508 3)
(0.9869993611 0.5053788508 3)
(1.076166156 0.5053788508 3)
(1.171517519 0.5053788508 3)
(1.273482409 0.5053788508 3)
(1.382519538 0.5053788508 3)
(1.499119432 0.5053788508 3)
(1.623806642 0.5053788508 3)
(1.757142099 0.5053788508 3)
(1.899725644 0.5053788508 3)
(2.052198718 0.5053788508 3)
(2.215247256 0.5053788508 3)
(2.389604765 0.5053788508 3)
(2.576055632 0.5053788508 3)
(2.775438647 0.5053788508 3)
(2.988650776 0.5053788508 3)
(3.216651202 0.5053788508 3)
(3.460465634 0.5053788508 3)
(3.721190923 0.5053788508 3)
(4 0.5053788508 3)
(0.6994999374 0.6994999374 3)
(0.7521642656 0.6994999374 3)
(0.8084813677 0.6994999374 3)
(0.8687045983 0.6994999374 3)
(0.9331048847 0.6994999374 3)
(1.001971946 0.6994999374 3)
(1.075615595 0.6994999374 3)
(1.154367134 0.6994999374 3)
(1.238580844 0.6994999374 3)
(1.328635578 0.6994999374 3)
(1.424936468 0.6994999374 3)
(1.527916744 0.6994999374 3)
(1.638039685 0.6994999374 3)
(1.755800702 0.6994999374 3)
(1.881729571 0.6994999374 3)
(2.016392808 0.6994999374 3)
(2.160396227 0.6994999374 3)
(2.314387657 0.6994999374 3)
(2.479059862 0.6994999374 3)
(2.655153656 0.6994999374 3)
(2.843461236 0.6994999374 3)
(3.044829744 0.6994999374 3)
(3.26016508 0.6994999374 3)
(3.490435977 0.6994999374 3)
(3.736678359 0.6994999374 3)
(4 0.6994999374 3)
(0.8627356633 0.8627356633 3)
(0.9127953256 0.8627356633 3)
(0.9663271034 0.8627356633 3)
(1.023571821 0.8627356633 3)
(1.084787006 0.8627356633 3)
(1.150248048 0.8627356633 3)
(1.220249439 0.8627356633 3)
(1.295106094 0.8627356633 3)
(1.375154772 0.8627356633 3)
(1.460755591 0.8627356633 3)
(1.552293643 0.8627356633 3)
(1.650180733 0.8627356633 3)
(1.754857227 0.8627356633 3)
(1.866794035 0.8627356633 3)
(1.986494729 0.8627356633 3)
(2.114497809 0.8627356633 3)
(2.251379124 0.8627356633 3)
(2.397754464 0.8627356633 3)
(2.554282332 0.8627356633 3)
(2.721666901 0.8627356633 3)
(2.900661188 0.8627356633 3)
(3.092070437 0.8627356633 3)
(3.296755745 0.8627356633 3)
(3.515637932 0.8627356633 3)
(3.749701688 0.8627356633 3)
(4 0.8627356633 3)
(1 1 3)
(1.047869408 1 3)
(1.099059017 1 3)
(1.153799113 1 3)
(1.212335958 1 3)
(1.274932891 1 3)
(1.34187152 1 3)
(1.413452981 1 3)
(1.4899993 1 3)
(1.571854836 1 3)
(1.659387835 1 3)
(1.752992084 1 3)
(1.85308868 1 3)
(1.960127931 1 3)
(2.074591375 1 3)
(2.196993952 1 3)
(2.327886316 1 3)
(2.467857314 1 3)
(2.617536638 1 3)
(2.777597651 1 3)
(2.948760423 1 3)
(3.131794967 1 3)
(3.327524703 1 3)
(3.536830165 1 3)
(3.760652959 1 3)
(4 1 3)
(0 0.06382587755 0)
(0.2745286734 0.3339740426 0)
(0.5053788508 0.5611406662 0)
(0.6994999374 0.7521642656 0)
(0.8627356633 0.9127953256 0)
(1 1.047869408 0)
(0 0.1320786889 0)
(0.2745286734 0.3975425155 0)
(0.5053788508 0.6207700957 0)
(0.6994999374 0.8084813677 0)
(0.8627356633 0.9663271034 0)
(1 1.099059017 0)
(0 0.2050654842 0)
(0.2745286734 0.4655200688 0)
(0.5053788508 0.6845353953 0)
(0.6994999374 0.8687045983 0)
(0.8627356633 1.023571821 0)
(1 1.153799113 0)
(0 0.2831146104 0)
(0.2745286734 0.5382125142 0)
(0.5053788508 0.7527234271 0)
(0.6994999374 0.9331048847 0)
(0.8627356633 1.084787006 0)
(1 1.212335958 0)
(0 0.3665771884 0)
(0.2745286734 0.6159468746 0)
(0.5053788508 0.8256409497 0)
(0.6994999374 1.001971946 0)
(0.8627356633 1.150248048 0)
(1 1.274932891 0)
(0 0.4558286929 0)
(0.2745286734 0.6990728547 0)
(0.5053788508 0.9036159985 0)
(0.6994999374 1.075615595 0)
(0.8627356633 1.220249439 0)
(1 1.34187152 0)
(0 0.5512706411 0)
(0.2745286734 0.7879644151 0)
(0.5053788508 0.9869993611 0)
(0.6994999374 1.154367134 0)
(0.8627356633 1.295106094 0)
(1 1.413452981 0)
(0 0.6533323994 0)
(0.2745286734 0.8830214536 0)
(0.5053788508 1.076166156 0)
(0.6994999374 1.238580844 0)
(0.8627356633 1.375154772 0)
(1 1.4899993 0)
(0 0.7624731148 0)
(0.2745286734 0.984671605 0)
(0.5053788508 1.171517519 0)
(0.6994999374 1.328635578 0)
(0.8627356633 1.460755591 0)
(1 1.571854836 0)
(0 0.8791837805 0)
(0.2745286734 1.093372165 0)
(0.5053788508 1.273482409 0)
(0.6994999374 1.424936468 0)
(0.8627356633 1.552293643 0)
(1 1.659387835 0)
(0 1.003989445 0)
(0.2745286734 1.209612146 0)
(0.5053788508 1.382519538 0)
(0.6994999374 1.527916744 0)
(0.8627356633 1.650180733 0)
(1 1.752992084 0)
(0 1.137451573 0)
(0.2745286734 1.333914479 0)
(0.5053788508 1.499119432 0)
(0.6994999374 1.638039685 0)
(0.8627356633 1.754857227 0)
(1 1.85308868 0)
(0 1.280170574 0)
(0.2745286734 1.466838365 0)
(0.5053788508 1.623806642 0)
(0.6994999374 1.755800702 0)
(0.8627356633 1.866794035 0)
(1 1.960127931 0)
(0 1.4327885 0)
(0.2745286734 1.608981792 0)
(0.5053788508 1.757142099 0)
(0.6994999374 1.881729571 0)
(0.8627356633 1.986494729 0)
(1 2.074591375 0)
(0 1.595991936 0)
(0.2745286734 1.760984222 0)
(0.5053788508 1.899725644 0)
(0.6994999374 2.016392808 0)
(0.8627356633 2.114497809 0)
(1 2.196993952 0)
(0 1.770515088 0)
(0.2745286734 1.923529471 0)
(0.5053788508 2.052198718 0)
(0.6994999374 2.160396227 0)
(0.8627356633 2.251379124 0)
(1 2.327886316 0)
(0 1.957143086 0)
(0.2745286734 2.097348785 0)
(0.5053788508 2.215247256 0)
(0.6994999374 2.314387657 0)
(0.8627356633 2.397754464 0)
(1 2.467857314 0)
(0 2.156715517 0)
(0.2745286734 2.283224128 0)
(0.5053788508 2.389604765 0)
(0.6994999374 2.479059862 0)
(0.8627356633 2.554282332 0)
(1 2.617536638 0)
(0 2.370130201 0)
(0.2745286734 2.481991699 0)
(0.5053788508 2.576055632 0)
(0.6994999374 2.655153656 0)
(0.8627356633 2.721666901 0)
(1 2.777597651 0)
(0 2.59834723 0)
(0.2745286734 2.694545699 0)
(0.5053788508 2.775438647 0)
(0.6994999374 2.843461236 0)
(0.8627356633 2.900661188 0)
(1 2.948760423 0)
(0 2.842393289 0)
(0.2745286734 2.921842348 0)
(0.5053788508 2.988650776 0)
(0.6994999374 3.044829744 0)
(0.8627356633 3.092070437 0)
(1 3.131794967 0)
(0 3.103366271 0)
(0.2745286734 3.164904188 0)
(0.5053788508 3.216651202 0)
(0.6994999374 3.26016508 0)
(0.8627356633 3.296755745 0)
(1 3.327524703 0)
(0 3.382440221 0)
(0.2745286734 3.424824687 0)
(0.5053788508 3.460465634 0)
(0.6994999374 3.490435977 0)
(0.8627356633 3.515637932 0)
(1 3.536830165 0)
(0 3.680870612 0)
(0.2745286734 3.702773154 0)
(0.5053788508 3.721190923 0)
(0.6994999374 3.736678359 0)
(0.8627356633 3.749701688 0)
(1 3.760652959 0)
(0 4 0)
(0.2745286734 4 0)
(0.5053788508 4 0)
(0.6994999374 4 0)
(0.8627356633 4 0)
(1 4 0)
(0 0.06382587755 3)
(0.2745286734 0.3339740426 3)
(0.5053788508 0.5611406662 3)
(0.6994999374 0.7521642656 3)
(0.8627356633 0.9127953256 3)
(1 1.047869408 3)
(0 0.1320786889 3)
(0.2745286734 0.3975425155 3)
(0.5053788508 0.6207700957 3)
(0.6994999374 0.8084813677 3)
(0.8627356633 0.9663271034 3)
(1 1.099059017 3)
(0 0.2050654842 3)
(0.2745286734 0.4655200688 3)
(0.5053788508 0.6845353953 3)
(0.6994999374 0.8687045983 3)
(0.8627356633 1.023571821 3)
(1 1.153799113 3)
(0 0.2831146104 3)
(0.2745286734 0.5382125142 3)
(0.5053788508 0.7527234271 3)
(0.6994999374 0.9331048847 3)
(0.8627356633 1.084787006 3)
(1 1.212335958 3)
(0 0.3665771884 3)
(0.2745286734 0.6159468746 3)
(0.5053788508 0.8256409497 3)
(0.6994999374 1.001971946 3)
(0.8627356633 1.150248048 3)
(1 1.274932891 3)
(0 0.4558286929 3)
(0.2745286734 0.6990728547 3)
(0.5053788508 0.9036159985 3)
(0.6994999374 1.075615595 3)
(0.8627356633 1.220249439 3)
(1 1.34187152 3)
(0 0.5512706411 3)
(0.2745286734 0.7879644151 3)
(0.5053788508 0.9869993611 3)
(0.6994999374 1.154367134 3)
(0.8627356633 1.295106094 3)
(1 1.413452981 3)
(0 0.6533323994 3)
(0.2745286734 0.8830214536 3)
(0.5053788508 1.076166156 3)
(0.6994999374 1.238580844 3)
(0.8627356633 1.375154772 3)
(1 1.4899993 3)
(0 0.7624731148 3)
(0.2745286734 0.984671605 3)
(0.5053788508 1.171517519 3)
(0.6994999374 1.328635578 3)
(0.8627356633 1.460755591 3)
(1 1.571854836 3)
(0 0.8791837805 3)
(0.2745286734 1.093372165 3)
(0.5053788508 1.273482409 3)
(0.6994999374 1.424936468 3)
(0.8627356633 1.552293643 3)
(1 1.659387835 3)
(0 1.003989445 3)
(0.2745286734 1.209612146 3)
(0.5053788508 1.382519538 3)
(0.6994999374 1.527916744 3)
(0.8627356633 1.650180733 3)
(1 1.752992084 3)
(0 1.137451573 3)
(0.2745286734 1.333914479 3)
(0.5053788508 1.499119432 3)
(0.6994999374 1.638039685 3)
(0.8627356633 1.754857227 3)
(1 1.85308868 3)
(0 1.280170574 3)
(0.2745286734 1.466838365 3)
(0.5053788508 1.623806642 3)
(0.6994999374 1.755800702 3)
(0.8627356633 1.866794035 3)
(1 1.960127931 3)
(0 1.4327885 3)
(0.2745286734 1.608981792 3)
(0.5053788508 1.757142099 3)
(0.6994999374 1.881729571 3)
(0.8627356633 1.986494729 3)
(1 2.074591375 3)
(0 1.595991936 3)
(0.2745286734 1.760984222 3)
(0.5053788508 1.899725644 3)
(0.6994999374 2.016392808 3)
(0.8627356633 2.114497809 3)
(1 2.196993952 3)
(0 1.770515088 3)
(0.2745286734 1.923529471 3)
(0.5053788508 2.052198718 3)
(0.6994999374 2.160396227 3)
(0.8627356633 2.251379124 3)
(1 2.327886316 3)
(0 1.957143086 3)
(0.2745286734 2.097348785 3)
(0.5053788508 2.215247256 3)
(0.6994999374 2.314387657 3)
(0.8627356633 2.397754464 3)
(1 2.467857314 3)
(0 2.156715517 3)
(0.2745286734 2.283224128 3)
(0.5053788508 2.389604765 3)
(0.6994999374 2.479059862 3)
(0.8627356633 2.554282332 3)
(1 2.617536638 3)
(0 2.370130201 3)
(0.2745286734 2.481991699 3)
(0.5053788508 2.576055632 3)
(0.6994999374 2.655153656 3)
(0.8627356633 2.721666901 3)
(1 2.777597651 3)
(0 2.59834723 3)
(0.2745286734 2.694545699 3)
(0.5053788508 2.775438647 3)
(0.6994999374 2.843461236 3)
(0.8627356633 2.900661188 3)
(1 2.948760423 3)
(0 2.842393289 3)
(0.2745286734 2.921842348 3)
(0.5053788508 2.988650776 3)
(0.6994999374 3.044829744 3)
(0.8627356633 3.092070437 3)
(1 3.131794967 3)
(0 3.103366271 3)
(0.2745286734 3.164904188 3)
(0.5053788508 3.216651202 3)
(0.6994999374 3.26016508 3)
(0.8627356633 3.296755745 3)
(1 3.327524703 3)
(0 3.382440221 3)
(0.2745286734 3.424824687 3)
(0.5053788508 3.460465634 3)
(0.6994999374 3.490435977 3)
(0.8627356633 3.515637932 3)
(1 3.536830165 3)
(0 3.680870612 3)
(0.2745286734 3.702773154 3)
(0.5053788508 3.721190923 3)
(0.6994999374 3.736678359 3)
(0.8627356633 3.749701688 3)
(1 3.760652959 3)
(0 4 3)
(0.2745286734 4 3)
(0.5053788508 4 3)
(0.6994999374 4 3)
(0.8627356633 4 3)
(1 4 3)
)


// ************************************************************************* //
